31.05 38.11 23.49 10.4 24.08 15.82 4.93 12.33
6.06 17.93 17.59 16.54 21.75 22.35 36.63 26.8
34.95 7.92 22.83 10.07 38.23 33.4 10.55 38.18
9.89 21.54 28.79 4.31 10.35 13.78 2.87 23.24 37.33 23.03 18.14 39.59 23.5
5.96 19.13 2.93 30.37 35.69 35.65 37.58 23.28 26.18 37.6 26.21
39.98 38.66 1.75 25.78 24.27 27.61 4.06 33.17 17.25 21.38 31.03 33.48 1.84
15.69 15.52 39.78 9.13 33.91 2.82 6.39 2.77 20.82
33.86 34.1 25.35 39.24 37.02 13.8 31.82 33.91 24.87 25.2 19.85 24.81
37.68 5.57 33.38 23.0 18.81 25.74 31.25 5.23 35.94
15.91 8.09 22.34 10.54 6.67 36.56 17.44 8.09
33.84 32.31 15.97 33.95 21.34 2.11 6.46 30.19
34.67 11.08 37.92 28.21 36.5 24.18 9.66 35.61 6.24
8.82 25.8 25.25 2.63 21.23 31.11 23.26 1.66 24.16
30.57 39.55 14.31 7.67 36.41 3.46 17.26 16.58 4.71 4.86 5.36 37.65
12.95 39.61 13.61 19.47 31.32 4.58 18.2 29.49 16.64 16.22 35.0 31.23
2.15 5.03 12.8 33.14 1.98 21.39 12.36 38.3 15.38 25.98 10.15 16.13
16.17 29.13 16.54 34.18 2.4 32.58 2.72 37.85 12.4
32.9 15.95 13.87 21.53 12.88 35.98 25.34 19.81 34.18 12.69 8.16 4.32
15.4 18.91 30.58 24.33 10.77 36.03 33.41 31.69 14.46 24.08 32.0 11.69
13.75 3.43 1.76 20.62 5.8 36.68 11.73 32.66
28.31 27.34 3.75 9.7 37.34 8.94 8.0 38.24 13.63 37.76 6.74
15.4 27.59 18.42 7.33 13.62 25.1 33.37 12.61 10.21 10.5 26.78 12.12
20.89 30.08 20.43 30.38 3.02 10.76 19.73 14.79 27.61
21.88 35.17 37.13 3.91 15.95 11.05 19.28 19.0 32.64 16.98 7.54 2.15 28.96
9.2 36.42 19.42 37.46 6.06 31.48 22.38 17.49 34.39 2.46 2.2
22.37 36.34 33.91 38.81 20.36 12.61 35.05 23.82 18.37 21.1
37.02 22.53 36.19 8.76 11.84 23.84 20.24 2.73 5.36 13.11 15.85
37.65 38.03 15.36 3.81 8.45 1.93 3.59 20.1 12.88
12.29 7.63 19.85 31.85 37.38 7.86 25.23 16.56
32.82 10.93 30.31 28.88 5.82 12.59 13.22 27.27 30.42
22.08 30.39 25.72 21.79 17.79 32.98 26.22 35.07 14.87 3.3 3.88
13.22 5.55 12.32 21.47 11.21 22.29 18.07 12.1
20.12 3.64 33.36 2.33 28.19 20.13 26.89 35.37 23.06 39.35 22.32 9.37
19.01 18.12 28.15 17.37 14.37 10.27 21.78 4.65 6.77 4.5 30.74 28.62 5.64
39.48 29.94 28.42 38.38 20.46 11.61 20.12 14.66 25.96 20.7
32.34 11.6 27.88 27.91 8.46 16.07 31.59 31.41
29.09 15.38 26.0 25.01 23.24 24.76 21.43 13.89 5.48 24.87
35.04 23.0 25.16 14.09 35.15 34.54 34.11 3.28
35.98 11.73 30.8 14.39 31.5 24.62 6.15 38.34 25.24 16.57
12.14 17.52 11.87 15.16 14.2 35.0 16.57 11.22
28.62 33.58 9.3 5.66 36.25 15.13 16.67 24.46 28.01 32.66
38.16 29.73 8.17 39.96 26.7 34.04 15.38 38.45 18.78 5.82
19.44 3.22 20.85 15.16 21.09 15.4 17.64 26.25
31.35 3.53 10.2 39.68 9.38 18.59 15.48 11.3 27.2 30.24
8.23 7.97 12.57 30.04 37.86 30.0 35.27 13.17 1.7 30.8 25.46 23.91 3.49
11.77 5.54 3.9 37.2 18.27 5.5 10.78 25.43 28.79 27.77 24.67 1.66
10.98 22.7 10.7 14.6 9.11 36.53 10.63 1.66 8.25 36.94
35.92 39.68 11.76 8.6 16.52 38.6 6.42 25.83 36.91 32.62 35.56 37.86 38.78
38.62 24.97 29.33 31.34 2.7 16.56 21.09 39.57 20.24 9.25 3.48 8.82 9.55
36.77 19.73 33.23 2.05 29.9 39.81 26.28 35.35 28.81 3.04 14.2 29.99
5.38 19.04 14.1 3.1 32.93 4.72 24.01 8.86 13.35 8.85 17.47
16.05 15.07 18.03 39.52 21.45 39.73 39.04 20.61
13.8 14.14 29.97 9.7 4.44 19.9 36.12 9.82 7.22 32.49 32.18
32.93 7.35 36.25 22.21 17.95 36.01 19.13 15.05 14.97 6.32
4.92 16.96 37.23 37.98 29.89 34.06 27.72 9.3 36.17 9.74 11.45 8.01
39.95 34.9 16.25 8.64 1.55 6.37 14.72 30.01 20.01 33.02
6.99 16.87 18.36 21.69 19.06 14.48 7.14 8.12
24.98 38.51 23.72 20.5 35.65 18.49 16.76 4.72 1.77 5.9 35.46 6.97 34.87
29.61 27.3 31.3 20.29 33.03 13.22 22.62 11.01 12.81
14.35 6.66 37.96 14.27 6.32 9.13 30.22 24.48 15.45 38.52 31.79
7.71 27.51 35.92 25.87 31.2 25.75 31.42 15.97 8.33 15.07 3.25
19.96 9.63 10.71 22.66 38.04 14.52 38.96 7.23 22.0 32.56 6.59 35.74 11.46
27.14 3.83 9.43 29.68 14.89 8.11 9.82 12.89 22.87
5.57 22.88 17.11 6.28 2.03 33.19 39.22 13.16
34.36 30.42 31.57 8.55 25.07 39.71 3.07 19.37 22.34 2.62 35.36
36.71 28.94 18.0 27.46 10.49 5.16 14.26 10.3 26.37
5.95 19.65 36.65 2.46 26.19 22.53 9.01 21.57 31.95 16.52 13.92
8.19 33.47 24.71 38.72 29.8 7.42 14.43 17.55 24.27 19.62
5.57 30.75 35.15 20.98 35.5 27.54 13.87 10.17 22.83 39.35 28.29
9.12 20.15 34.25 20.76 35.21 25.12 31.23 39.16 35.93
9.99 33.25 5.6 38.0 6.51 29.36 12.9 1.89 28.42 29.45
23.96 32.33 21.04 20.99 11.46 2.5 10.16 24.26 8.61 34.82 17.45 12.57
6.96 31.92 11.27 9.91 12.55 23.98 39.67 12.75 22.89 23.32 18.43 2.2 22.59
5.13 32.81 30.37 8.44 8.63 20.64 2.77 21.03 31.33 9.58 18.52 13.97 38.62
9.89 17.55 13.86 33.0 35.23 15.88 21.4 12.76 1.92 8.51 39.38 4.45
29.91 19.33 34.32 22.09 28.9 2.55 36.64 16.68 1.77
35.56 28.92 16.25 22.85 30.16 14.91 7.61 36.14 13.46 17.3 3.65 10.54
38.09 13.45 7.55 10.39 18.77 37.57 33.01 32.86 38.84 28.86 36.7 13.96
22.81 26.95 24.7 15.67 25.82 39.48 22.28 9.73 20.4 16.94 27.7 37.08
23.84 8.53 31.61 9.57 39.6 36.24 36.32 27.16 38.76 14.19 18.0
18.23 22.49 25.93 20.24 20.47 7.22 34.84 35.86 25.93 21.85 11.2 25.9
31.63 14.57 12.39 29.18 15.58 23.92 4.52 16.03 10.54 23.25 30.8 20.29
4.46 5.86 13.03 6.78 6.02 25.93 5.67 33.81 14.45
4.22 7.95 7.64 26.37 34.75 33.47 23.43 3.11 36.22 39.73 7.74
36.24 26.59 35.75 8.41 28.43 32.46 37.18 4.25 22.83 17.57
27.79 21.12 9.94 3.07 16.48 35.63 18.13 3.06 4.23 23.38 26.36
38.47 5.81 37.45 17.04 35.41 33.16 11.55 26.48
35.34 20.74 11.66 27.53 21.2 14.35 29.46 20.89 26.83 24.38 24.24
33.72 11.76 32.2 34.03 13.27 31.12 19.87 3.85 17.42 28.69 5.02 14.28
16.96 5.18 27.35 26.43 19.35 26.33 2.14 7.11
8.71 15.93 4.51 11.76 6.1 24.68 31.53 15.86 32.66 36.63 14.43 23.71
28.22 14.18 14.69 28.51 27.62 38.16 27.65 14.07 11.83
26.57 18.89 3.45 10.52 32.17 26.13 14.91 36.9 12.25 37.92 19.48
39.12 37.17 3.71 32.43 15.92 35.79 17.8 18.25 38.3
1.53 4.95 2.69 29.88 10.02 23.76 34.71 26.52 31.9 21.2 25.63
22.07 7.71 16.22 30.14 12.87 15.88 3.41 4.17
28.55 14.23 10.03 9.23 3.51 30.79 10.08 37.38 27.41 30.06
29.22 21.17 3.67 39.22 25.29 9.98 36.44 36.99
10.74 25.35 13.09 13.57 30.23 30.76 11.97 37.15 15.55 7.25 30.1 5.39 31.75
8.23 20.38 13.43 35.16 27.7 10.21 13.77 26.36
5.26 25.16 25.06 26.1 20.56 5.04 21.89 31.65 8.19 9.64 29.36 31.41 37.32
17.64 26.48 2.19 39.06 13.7 26.45 32.97 27.2 7.94 7.73 12.62
12.88 9.3 20.69 33.17 13.09 23.18 23.02 15.23 2.37
20.08 5.38 25.01 27.15 4.55 33.67 1.91 3.42 33.1 18.01 22.52
26.45 31.37 25.0 29.17 32.31 22.76 21.69 37.83
37.3 32.87 28.97 21.29 7.48 39.43 37.97 2.54 35.8 18.34 33.08 24.8
10.98 3.79 29.75 19.0 22.13 35.37 4.79 21.57 15.6 21.6 13.36
35.17 2.56 26.07 12.01 9.42 5.61 31.68 32.06 29.16 8.26 1.8 2.95
23.12 27.11 38.46 32.1 2.15 10.86 12.74 10.67 17.9 22.33
2.66 11.33 21.82 39.4 19.48 25.89 2.47 22.69 38.2 33.21 4.3
25.7 33.08 18.9 12.85 12.29 7.75 22.07 4.67 7.26 33.55
24.96 4.33 14.31 5.92 5.21 10.66 13.36 35.57 1.71 2.63 9.86 26.85
11.21 16.69 39.98 14.84 1.71 4.86 2.2 16.99 34.48 37.17 10.36
3.5 15.89 37.08 10.16 4.68 3.72 38.62 9.04 22.59 34.28
12.28 28.56 4.29 5.05 26.77 22.91 35.15 12.54 4.53 20.32 9.06
6.47 4.8 39.15 5.04 33.86 39.14 16.37 29.08 15.85 11.76 8.39
36.61 26.03 10.65 31.42 36.57 23.61 12.74 27.94 33.32 5.3 16.48 29.46 13.58
10.45 12.89 20.49 37.77 15.41 23.96 34.7 15.03
36.95 6.04 21.29 39.31 20.19 1.76 32.88 3.78 34.43 13.86
35.37 21.15 35.79 18.11 37.98 39.45 35.91 24.84 36.41 13.24 36.03 19.35
34.44 2.98 24.61 12.74 32.23 21.51 6.33 33.45 32.44 27.63
23.04 28.1 25.75 16.89 8.01 32.8 19.15 2.13
3.63 36.58 22.7 34.95 18.57 3.49 25.25 32.08 20.06 8.69 38.77 31.55 21.99
27.14 22.91 21.68 1.86 18.06 31.6 27.7 15.27 9.51 8.56
28.88 13.77 10.47 15.71 2.1 6.61 39.28 38.12
10.76 7.2 33.78 4.84 37.29 16.92 39.01 15.19
39.29 9.79 35.02 11.22 19.81 35.97 13.36 6.0 13.31 7.82 34.89
9.97 35.77 8.95 29.93 33.66 23.77 27.61 20.51 22.28
30.06 29.66 26.69 32.6 35.38 27.73 12.96 5.31
10.75 14.95 26.98 8.74 21.03 30.22 24.47 27.56 36.84 15.54 30.96
34.19 25.42 39.86 20.2 3.56 26.0 2.18 34.97 27.83
11.0 31.21 25.45 18.56 38.05 18.49 18.6 8.68 19.0 30.5 19.27
28.06 28.36 36.72 33.42 13.59 9.62 6.54 3.69 8.28 11.08
34.16 12.09 3.6 26.16 29.5 28.06 5.28 3.1 9.91 24.53
27.38 2.66 26.14 27.12 36.49 18.47 26.82 26.65 20.39 29.25
3.93 30.74 20.26 23.73 5.92 8.14 38.54 2.96 31.51 36.69 1.84
34.76 18.54 16.78 27.11 5.03 14.79 31.65 8.66 17.83 8.58 13.58
35.17 13.29 22.81 39.23 18.11 7.19 19.16 37.0 35.19 4.28
14.56 24.18 4.72 24.71 4.62 11.43 35.64 27.72 31.83 26.72 22.66
16.55 3.32 11.55 3.17 6.95 16.45 8.25 5.22
34.2 38.67 36.88 2.46 39.88 26.68 12.51 11.84 32.19 27.73 13.7
6.35 31.11 32.15 23.32 28.41 39.15 23.58 37.45
13.52 19.37 30.05 24.23 19.81 27.03 27.76 32.52 25.44 23.26 15.87 10.94 6.91
9.41 22.11 12.38 16.94 27.91 32.39 10.13 6.2 35.04
10.74 13.54 17.59 4.44 26.81 32.53 29.94 12.56
12.84 1.65 26.49 35.99 32.93 29.98 17.07 19.53 17.29 39.09
37.49 19.98 20.63 36.02 16.62 34.05 28.08 12.2 32.26 13.4 22.92
35.76 19.62 38.6 30.68 12.13 1.92 36.39 1.78
18.33 13.6 26.38 3.05 30.54 19.63 11.18 32.57 2.87 7.07
2.03 36.69 21.61 32.08 22.87 33.15 6.97 18.65 2.89 38.55 1.9
15.48 36.35 9.86 19.37 21.75 21.21 23.24 29.95
13.93 15.27 24.34 2.33 10.68 28.77 26.7 3.58 37.85 34.61
18.82 31.17 39.54 12.5 19.51 4.4 2.31 22.09 32.23 39.32
22.46 34.67 30.48 1.86 37.04 9.81 7.44 39.59 13.2 29.59 6.49
21.92 6.02 18.69 5.99 37.42 27.91 34.6 24.35 8.63 21.89 6.06 19.88
23.96 28.25 13.6 29.98 36.49 12.32 26.74 26.08 25.69 29.87 11.74
12.23 17.64 17.12 19.0 19.16 22.32 7.49 22.18 31.56 34.04 6.12
3.02 28.5 23.53 31.0 13.7 32.71 33.38 23.01
4.4 2.74 11.97 25.52 16.65 6.29 38.51 34.01 25.98 8.45 2.48 29.13
39.02 38.22 39.09 24.66 28.13 29.4 7.44 6.45
19.75 14.63 6.03 13.39 23.12 15.79 16.77 26.23
24.76 38.14 10.62 29.81 27.71 9.02 26.45 31.0 3.25 8.15 29.37
27.2 15.43 32.66 17.26 39.9 15.46 5.48 33.51 7.31 14.56 17.15 27.74 28.69
23.87 17.99 39.05 38.64 32.24 8.96 2.36 12.55
39.51 20.68 9.69 24.65 33.64 17.52 3.28 10.02 20.78 26.39 17.25 23.57
28.55 29.82 27.89 39.95 1.71 4.72 38.07 34.17 8.45
34.54 37.6 3.93 25.16 20.97 34.72 37.86 28.88
37.51 13.39 36.75 1.92 10.36 7.01 7.2 20.36 28.95 32.65 17.34 37.13
35.41 17.72 9.94 2.66 4.1 19.91 18.71 7.71 31.64 1.86
25.83 34.25 13.44 21.47 16.85 28.54 31.55 18.09 17.78
8.94 23.73 18.51 14.3 32.66 13.85 9.43 9.22 8.99 36.48
32.26 33.65 8.43 26.29 29.73 23.77 10.33 16.44 12.99
24.2 33.47 15.3 31.33 2.32 19.24 22.78 11.51 12.59 30.23 5.72 8.53
13.38 13.51 36.52 5.26 26.14 2.19 8.18 27.65 12.07 2.59 29.49
6.16 31.61 19.4 3.13 10.6 3.7 4.06 20.38 10.62 20.08 32.52 9.44
11.45 15.12 34.26 10.81 36.0 37.74 13.21 23.16 13.83 30.04 36.96
15.32 20.25 3.64 27.74 34.56 4.43 37.51 2.04 4.83 26.45 36.76 9.19
3.01 33.53 9.23 10.29 32.19 15.95 35.28 9.91 18.48 35.97
35.09 3.71 16.95 18.65 23.79 31.29 28.74 38.98 28.6 30.74 23.13 36.77 17.28
23.92 38.45 32.61 28.56 36.42 39.99 21.88 29.33 38.48 39.92 35.66 25.99 19.96
35.72 18.74 30.57 32.82 4.21 19.57 14.04 35.83 16.64 28.4 28.92
27.02 12.66 13.3 25.3 33.08 12.06 27.38 17.47 8.86 9.41 36.81 8.34
30.39 32.05 7.86 27.63 28.35 18.46 25.87 24.82 37.85 39.64 18.94 6.67 17.37
6.78 24.21 34.96 27.92 1.66 1.9 39.98 31.63 25.35 24.63 25.39 2.62
20.1 9.05 2.7 23.49 34.81 35.01 27.86 36.32 17.39 29.06 14.3 16.18 32.64
19.8 25.95 8.06 18.89 26.27 20.53 4.36 7.79 3.92
37.94 3.91 21.91 11.37 19.68 15.95 9.12 27.35 23.71
7.32 39.9 34.89 19.1 5.01 23.5 11.05 28.61
2.15 12.11 38.69 19.21 14.1 35.27 34.92 22.45 8.59 34.45
2.71 19.29 21.4 30.05 25.19 27.17 22.11 32.38 6.84 10.14 27.78
24.28 3.75 7.85 13.25 36.91 20.47 18.61 24.99 19.79 25.21 37.7 38.17
15.41 12.68 11.93 18.22 26.29 28.54 38.4 11.16 13.43 36.37 8.03 26.32 24.22
29.01 4.69 36.29 28.19 28.4 35.37 20.16 15.45 36.95
38.82 32.33 20.6 32.55 14.26 2.09 24.04 35.16 22.36 18.7 17.84 3.02
23.9 17.71 29.98 35.22 9.2 4.56 19.76 32.27 24.77 26.77 28.21 8.07 33.93
19.09 5.66 30.83 1.83 15.92 1.6 14.69 32.5 1.55 9.87
32.61 17.68 15.79 37.78 32.67 25.73 2.55 6.83 13.09 32.73 3.95 18.1
39.99 39.72 26.04 28.68 6.24 37.13 9.09 14.85 26.76 1.66 3.96 13.63
33.63 9.0 26.09 23.56 5.37 37.91 21.68 6.6
8.22 9.68 28.56 2.48 37.98 39.06 24.53 8.54 23.94
1.93 11.49 12.91 13.18 35.46 37.49 32.73 17.18
20.01 8.13 22.21 18.01 16.99 33.91 6.69 34.55 9.89 20.37 25.92 17.22
7.71 14.89 25.77 2.2 11.14 6.88 32.16 13.47 22.28 17.81 18.73
8.7 13.88 23.89 32.48 37.18 16.21 26.18 28.56 39.97 23.1
35.32 9.74 24.11 22.54 20.59 1.53 31.05 28.52
21.51 35.62 33.85 31.8 5.09 33.37 6.75 39.03 33.3
31.31 4.88 38.74 3.65 35.51 13.29 35.08 11.98 13.69
13.88 4.02 28.09 22.67 37.02 3.95 39.1 9.28 36.49 36.7 20.16 23.15 15.48
37.77 37.14 35.87 5.9 23.76 23.47 15.14 25.94 39.6 32.62 37.97 33.62
38.85 7.82 10.4 25.32 7.47 15.51 12.59 12.63 23.79 6.63 20.36 31.31 6.62
24.53 31.09 18.55 3.01 16.3 18.85 28.77 21.09 33.67 20.7 3.09 7.04 16.43
5.16 38.64 31.95 14.19 32.68 6.35 27.49 11.6
6.5 3.43 17.53 7.77 15.01 18.02 3.56 14.88 16.92
14.2 23.12 36.58 27.72 15.16 3.42 1.92 24.06 26.83 30.94 19.03 29.48
27.14 12.79 28.37 18.06 9.93 39.6 31.16 20.65
12.73 8.07 1.8 5.38 28.31 18.47 14.12 22.54 28.05 22.5 2.78 13.28 7.34
14.04 28.59 3.53 31.33 18.35 3.28 3.54 14.5
21.11 28.55 35.43 27.75 34.85 35.68 16.11 7.77
39.94 24.24 26.83 5.21 20.32 30.2 33.17 26.06 5.54 6.54 20.89 12.79
26.55 16.77 8.47 22.35 39.3 14.9 15.88 25.72 32.03
3.14 20.96 7.2 9.57 17.23 12.1 16.77 31.89 39.91 36.64
12.13 7.98 33.5 2.35 20.19 22.92 34.54 28.79 14.49 19.91 25.58
16.6 31.3 28.18 35.2 30.06 1.93 26.81 10.51
28.61 29.02 33.23 9.77 1.89 6.71 23.51 11.19 20.84
8.5 19.33 39.58 5.54 20.25 12.56 30.47 9.16 35.85
23.7 15.49 38.8 4.61 21.08 21.05 21.39 15.02 23.93
1.55 31.12 39.97 3.23 18.81 15.66 27.83 15.83 33.06 2.95 36.07
28.83 37.59 21.41 18.05 38.77 27.09 20.87 35.51 2.39 32.0 15.32
10.24 35.52 39.79 32.29 37.62 24.56 21.66 24.08 32.54
10.02 36.72 3.98 32.8 6.44 39.33 30.59 7.35 8.36 36.94
4.18 37.4 4.14 28.67 17.88 39.49 35.52 17.51 7.63 34.37
9.57 12.3 7.01 10.42 20.77 29.39 3.47 4.88 19.7 6.44 38.84 12.95 21.27
10.94 7.7 17.07 9.57 25.34 9.43 35.49 23.75
29.6 34.02 2.98 11.83 28.34 34.73 20.56 36.13 27.09 11.36 13.62
17.72 1.79 39.71 27.52 24.6 18.95 16.14 31.42 29.58 14.99 21.11 33.23 31.81
30.01 23.33 5.18 31.4 38.15 33.22 23.31 24.72 16.84 27.71 18.28 32.61 35.19
5.69 2.66 8.4 13.14 34.73 28.48 6.81 28.61 33.37 23.18 1.98
2.78 35.52 33.55 30.69 11.17 23.34 20.54 9.23 4.35 21.99 20.85 4.28 23.9
39.28 22.64 1.71 12.94 14.11 24.78 34.69 20.18
16.84 30.98 39.8 18.63 27.0 13.11 22.0 26.67 29.58 4.16 29.34
23.82 32.1 6.67 36.63 35.69 11.02 31.71 8.86 9.27 13.8 26.98
12.34 19.54 18.83 16.65 37.89 3.43 23.71 30.47 24.95 6.67 12.07
24.9 19.84 5.49 37.39 6.6 30.59 6.78 33.73 20.4 26.65 12.42
27.1 13.36 3.62 34.1 7.61 12.19 26.92 12.82 33.76 15.35
25.45 26.17 37.98 39.44 5.34 12.6 10.27 31.85 7.08
35.48 13.04 29.01 19.98 28.36 22.6 30.01 10.13 32.24 32.79 3.98 33.23 27.75
35.0 10.99 27.33 32.0 17.3 37.36 31.69 32.26 11.35 31.92 39.88 16.22
16.29 23.02 3.92 30.81 27.0 38.01 2.77 4.78 6.9 13.04 29.89
3.4 22.29 37.64 33.45 8.0 26.53 4.95 23.46
6.2 16.45 30.64 30.23 22.69 36.19 5.76 5.82 34.95
30.31 2.37 22.86 6.39 30.02 16.34 10.41 39.0 17.41 7.8
5.91 22.57 7.64 10.84 17.58 16.13 5.29 2.96
5.11 12.77 2.4 32.17 31.34 9.61 34.88 11.77 30.1 19.03 13.99 4.76 29.99
36.64 20.69 17.78 31.92 16.8 22.25 28.46 4.23 13.48
20.1 1.94 2.61 33.69 15.79 13.25 17.71 34.54 23.25 6.41 22.5
8.28 18.86 4.08 15.94 34.02 14.1 2.8 10.02 29.28 14.12 38.26 5.06
5.42 25.29 27.83 18.97 14.03 26.47 13.22 3.64 35.08
21.44 2.6 38.14 7.12 11.78 14.16 29.43 28.89 7.62 26.85 25.17 39.6
30.78 12.97 5.99 30.01 14.14 25.1 34.76 7.8
22.01 15.1 13.55 26.36 29.82 4.57 6.76 24.11 8.88 13.39 37.25 6.8 7.18
12.45 8.67 18.14 5.85 13.08 18.28 25.13 14.94 3.17 23.3
21.69 11.47 33.42 25.37 12.31 23.36 7.56 34.4
7.2 17.86 17.91 15.98 6.6 11.9 4.98 4.04
12.42 31.57 20.17 30.4 6.95 11.69 34.36 8.93 21.8
21.72 4.5 31.87 3.92 33.85 36.07 18.69 14.4 36.0 22.76 34.59
10.63 19.86 10.54 27.21 21.36 32.72 32.73 29.96 13.57 10.1 21.05 34.15 23.89
37.18 23.67 20.54 35.66 6.58 22.71 35.0 13.49
9.78 16.87 17.67 9.11 21.8 10.92 28.12 39.67 5.18 3.67 28.84 24.63 4.63
2.04 35.61 7.3 23.76 11.57 16.91 17.49 19.65 32.07 22.5 11.63 5.56 2.03
34.48 5.42 9.2 18.28 29.58 6.08 27.2 10.77 32.9 38.62 18.53 22.87
4.59 11.7 19.49 35.16 39.54 18.2 4.45 17.02 2.53 4.51 24.01
15.76 2.16 15.67 33.38 19.15 29.8 20.04 30.61
28.85 9.96 11.98 30.6 20.95 9.59 34.6 33.44
32.29 28.35 26.49 15.12 10.65 13.8 39.89 18.64 8.75
28.42 29.12 3.44 23.38 28.43 8.22 1.9 29.34 27.08 21.68 35.13 7.09
14.97 34.25 27.84 8.9 14.44 4.28 22.71 23.22 33.67 28.25 8.9 18.96 2.66
4.99 6.04 23.02 5.8 7.49 4.73 5.81 7.09
22.62 32.12 26.36 17.24 39.86 12.86 31.35 33.91
6.07 16.65 23.21 36.19 5.24 21.98 39.16 12.75 32.44 28.54
34.2 10.61 18.43 22.78 18.65 23.45 29.53 3.5 38.05
9.76 21.18 32.4 5.19 15.05 34.42 9.34 23.37 39.07 24.5 39.7
18.36 34.93 15.97 5.85 19.68 29.4 22.45 17.31 20.86 30.52
34.27 34.89 10.45 6.89 31.51 5.29 22.25 35.0 31.38 2.74 33.43 13.18
31.12 29.69 12.94 38.03 22.97 25.33 33.78 29.38 34.21 2.44
12.96 20.73 4.07 5.15 4.09 7.64 13.61 21.12 15.64
37.95 37.05 12.72 8.2 3.95 25.96 38.36 37.3 13.7
20.39 34.29 13.3 36.86 7.9 17.3 2.56 13.3 29.1
10.73 34.06 4.73 19.47 39.43 13.24 38.76 10.12
19.52 25.55 33.08 8.02 37.87 25.47 10.63 35.0 31.99 34.61 15.39 27.66 28.13
24.1 16.31 11.01 31.48 23.3 25.74 19.09 17.81
33.4 25.96 2.22 32.83 29.9 18.78 10.24 4.53 25.63 17.76 33.72 5.07 37.79
13.42 10.49 35.64 4.57 19.31 32.76 14.3 15.93 32.31 10.91 16.35
25.88 33.77 39.35 15.85 20.32 14.12 13.32 5.09 7.58 30.35
10.74 21.82 29.43 3.08 12.43 21.53 30.07 35.56 1.89 35.86 28.62 14.21 35.52
16.43 8.48 36.79 32.29 19.23 4.48 20.26 17.11
31.8 35.8 34.78 39.87 38.61 12.23 18.16 22.59 23.08 14.92 29.6 19.33 16.76
15.82 15.72 29.37 23.61 17.67 33.97 35.54 33.51 22.68 11.41 19.23 16.26
28.15 11.02 31.58 20.19 29.18 20.81 39.82 19.64
39.99 28.22 34.9 2.24 1.67 22.36 13.87 24.54 37.38 17.65 22.62 27.67
31.23 4.12 5.37 34.47 28.34 23.59 30.58 15.57 2.25 12.62 9.86 20.2
37.67 14.73 11.77 13.57 36.0 19.27 8.79 12.89 3.37 35.51 7.58 31.28
34.16 12.27 13.73 35.76 34.02 6.55 29.96 4.35 27.48 5.26 23.63 18.0
20.88 12.76 12.17 19.88 8.07 8.91 22.51 23.25 31.63 6.98
14.29 29.3 11.37 23.83 30.28 3.77 35.0 13.36 21.92
17.45 33.77 5.47 23.78 25.73 19.57 23.41 16.63 28.13 25.65 4.99
35.08 8.14 18.74 20.76 2.57 35.21 23.9 8.64 6.21 32.75 26.53 3.7
6.4 24.43 21.84 37.97 9.88 24.29 19.82 3.73 13.43 1.95
26.37 16.12 25.95 11.72 17.11 2.37 12.01 15.75 17.55
6.63 19.85 12.65 20.28 32.11 29.59 11.07 29.35
12.19 9.28 31.48 10.32 33.3 21.1 15.53 2.01 6.49 22.9 3.7
32.51 26.12 2.1 24.32 33.41 33.62 5.99 23.37 29.7 27.85 27.3
23.7 20.3 14.32 36.78 2.97 29.2 35.09 6.15 14.01
28.06 34.42 6.81 15.05 21.36 4.72 24.38 5.4 7.29
6.6 1.63 1.69 19.78 26.16 13.73 9.66 33.16 28.2 11.01 23.48 6.18
9.93 21.33 12.06 6.36 32.19 4.57 11.07 10.02 20.46
29.58 17.53 11.45 3.19 3.17 12.41 39.74 39.83 34.36 9.05 27.09
4.5 22.9 1.81 12.55 4.04 16.99 7.46 33.19 5.05 5.82 22.23
39.23 36.77 25.96 21.08 11.34 25.28 22.61 7.25 1.68
13.35 29.01 25.52 24.38 16.24 24.85 31.63 2.46 1.83
2.99 21.53 33.03 34.82 23.39 6.2 31.66 12.73 23.94 25.13 36.67 24.12
2.35 33.19 20.93 12.97 11.44 20.99 10.51 6.93 39.36 30.17 12.48
20.6 6.4 36.88 31.37 14.66 36.13 18.22 32.19 19.24 13.34
26.08 14.83 23.29 24.86 36.85 11.39 3.9 14.0 21.29 10.8 25.17 9.53 28.0
5.12 5.6 11.89 6.18 17.24 33.21 7.67 4.9 17.89 35.7
14.41 14.36 30.37 11.15 30.64 24.19 25.23 35.82 14.62 22.81 17.0
26.76 28.75 38.51 25.54 16.55 12.32 26.87 6.12 6.58 19.11 11.06 38.4
34.37 24.63 9.17 24.93 15.85 32.98 5.55 28.35
15.05 2.37 25.54 23.77 16.25 5.17 17.02 34.45 33.42 37.66
34.51 26.92 21.65 5.06 13.5 34.98 28.53 37.45 28.02 15.35
10.6 2.06 17.91 11.87 28.42 32.73 9.39 24.03 32.6 37.44 15.89 12.05 31.74
22.19 16.93 31.82 24.5 37.61 28.18 22.03 38.45
25.59 24.84 13.7 14.27 17.76 29.87 24.33 15.81 27.66
39.45 16.05 14.32 31.5 30.01 15.28 14.66 32.42 23.7 30.15 15.95 12.61
7.0 10.15 27.23 2.71 22.59 35.22 3.19 18.8 10.42 33.99
28.93 25.06 10.4 20.68 8.94 34.63 27.16 38.68 29.29 11.4 20.55
35.72 12.07 22.74 20.59 33.77 25.5 35.64 11.38 24.5 3.99 2.58
38.79 39.14 19.82 4.65 11.83 3.59 9.87 24.8 4.81 33.75 34.9
21.99 22.85 34.65 18.68 16.85 26.64 20.21 2.88 29.02 24.38 35.09
27.02 39.72 16.43 12.39 6.93 31.72 24.61 13.5
27.16 26.56 3.97 32.65 18.6 27.75 29.41 39.59 21.26 16.78 3.84 15.95 26.42
16.02 7.73 3.6 21.35 19.71 12.04 7.92 38.48 16.8
14.1 17.16 15.92 22.3 32.31 7.17 23.0 35.28 19.46 10.4 13.53 33.67 8.8
21.89 10.06 23.05 7.29 26.63 35.66 17.98 17.24 17.29 37.87 34.21
26.05 28.75 28.56 35.63 35.49 39.55 36.45 37.1 4.02 31.36
24.19 35.9 20.56 36.67 11.33 32.98 5.7 31.96 2.18
32.28 18.46 28.43 21.84 6.87 39.38 11.69 4.44 2.03 25.09 2.02 4.5 33.32
16.28 4.51 29.38 12.95 1.53 38.85 9.16 31.8 9.19 2.35 11.72
37.73 28.05 39.88 11.88 28.34 9.92 2.49 32.29 25.73 18.16 10.74
20.79 9.09 20.64 7.9 34.58 13.81 38.48 11.94 17.83 34.89 35.81
4.96 25.77 2.24 32.77 24.31 33.46 16.33 18.59 27.26 8.24
38.09 24.51 34.34 11.08 26.28 7.84 15.1 7.5 10.61 3.24 22.59 28.75 2.8
38.67 8.18 32.15 5.32 37.63 26.51 24.8 3.33
28.76 6.09 37.35 16.15 1.76 34.79 22.94 12.4 38.1
17.0 34.93 36.98 3.16 7.91 32.03 8.61 4.84 33.38 11.0 34.1 20.31
22.24 31.71 2.32 27.9 32.34 29.19 8.7 3.98 25.42 32.01
6.86 5.68 5.52 12.67 7.43 26.23 31.68 8.68 15.54 23.9 15.85
18.79 18.39 8.51 4.71 7.29 3.02 10.25 4.85 17.8 16.66
20.28 22.96 18.77 18.9 4.29 30.36 34.22 8.29 38.2 38.03
21.14 3.98 11.21 9.24 13.65 14.91 18.92 20.16 33.78 15.44 28.33
35.69 32.86 18.69 7.98 9.83 22.42 2.55 21.22 18.48
16.08 24.99 31.57 30.21 3.4 28.54 38.46 15.02 19.17 4.94 7.73
16.02 17.54 4.72 32.85 24.94 11.68 38.5 15.03 18.17 12.11 7.02
26.39 8.71 19.41 34.61 34.7 39.76 7.94 5.49
23.39 1.52 38.43 20.1 19.96 11.83 34.18 26.8 31.87 38.57 33.03 34.4
36.07 16.54 14.94 39.34 33.85 10.81 6.72 22.96 16.94 10.31 36.99 13.06 29.01
34.21 4.97 24.04 15.06 21.41 15.65 8.19 19.03 38.91 27.5 7.76
15.73 16.8 12.52 33.65 22.13 4.71 19.35 8.43
39.2 6.54 37.95 15.1 37.34 25.52 15.85 27.21 10.95 4.53 11.29 20.97
7.27 7.84 29.59 31.65 36.32 35.41 33.23 7.84 14.5 35.55 2.9 11.92 15.34
18.59 27.11 11.16 39.26 21.54 24.95 6.87 28.38
32.57 10.5 27.87 31.7 16.14 29.86 21.5 22.81 9.36 29.33
37.77 14.42 11.55 30.53 30.64 1.52 15.35 16.0 28.77 37.11 36.59 30.25 1.51
8.31 21.69 22.61 16.56 36.12 8.86 13.57 20.0 15.82 6.12 33.1
7.77 13.82 13.59 18.03 5.5 10.2 32.13 10.29
2.61 22.77 19.72 5.14 23.08 2.97 24.49 4.7 34.05 12.37 7.69
16.29 11.08 27.18 22.16 30.34 37.71 35.53 27.25 34.21 12.19 14.71
4.14 36.67 16.5 33.9 36.3 39.58 14.45 8.6 5.93 28.04 22.11 23.05
21.42 39.41 26.19 27.75 6.03 17.6 8.43 5.08 16.59 20.62
6.42 19.31 27.17 35.72 39.42 22.02 2.02 9.7 5.4 12.04 3.7 19.44
29.85 35.0 6.94 21.33 22.48 25.17 36.76 5.81 13.12 20.03 30.01 3.35
36.74 12.34 39.42 7.01 27.86 2.48 26.46 31.68 27.46
27.08 6.76 10.38 6.77 28.97 17.34 34.08 14.28 38.73 19.49 24.94
13.37 25.34 23.21 37.7 30.33 27.27 30.35 20.13
17.74 10.81 20.95 18.43 19.32 34.96 28.84 35.01 20.19 39.05 34.67 5.07 1.7
38.44 22.89 13.87 17.59 17.4 4.9 13.58 27.53 27.4 15.64
6.09 7.07 9.1 35.4 9.74 18.81 37.8 4.82 12.63 26.57 22.94 3.51 16.47
31.45 35.74 31.47 5.53 19.32 37.68 5.11 32.58
1.74 8.94 2.05 3.95 35.47 26.11 35.87 2.43 31.07 28.9 38.64
25.19 17.53 14.95 24.25 4.74 17.55 32.54 4.19 20.41 2.29 3.84 17.63
9.96 17.73 8.39 35.37 26.43 10.99 22.59 15.83 38.88 29.54 12.91 9.85 11.04
12.05 27.96 25.6 33.32 38.64 34.77 29.13 34.11 24.59 20.44 3.55 13.64 28.91
6.12 33.18 29.46 7.67 10.35 16.06 32.63 6.53 6.98 20.37 22.63 36.72 12.43
24.35 27.61 39.59 6.67 29.49 20.0 6.56 6.11 35.24 34.2 23.41 2.53
37.34 39.3 5.19 37.05 15.24 37.08 19.92 9.37 37.75 39.02
16.73 31.41 38.24 14.21 38.44 25.74 33.87 18.21 11.81 17.18
25.29 37.68 34.41 21.14 1.53 30.59 7.15 20.38 1.69 3.41 22.29
17.94 17.61 24.91 10.62 18.84 27.26 3.29 23.91 18.98 21.32 6.65
2.53 13.53 11.4 39.65 12.85 5.58 12.61 28.4
18.3 16.37 18.71 8.78 6.19 35.31 39.76 38.69 24.35
3.01 13.57 28.34 16.87 21.06 31.39 28.37 28.17
35.4 36.48 2.53 6.78 17.76 16.82 3.67 8.57
21.98 13.98 13.13 32.11 19.74 35.06 6.54 16.65 7.78
14.02 14.68 33.55 31.44 3.7 9.89 36.88 30.72 8.51 26.73 10.78 27.47 31.84
17.05 2.31 12.3 22.77 14.97 34.31 32.4 34.29 35.62 22.26 26.91
10.61 27.76 36.44 4.1 35.15 29.9 12.68 31.47 22.93 6.46 22.29 4.18 30.07
6.69 22.51 25.5 31.55 19.84 24.53 34.72 38.79 7.01 4.96 34.37 14.31 34.97
33.72 3.85 32.26 30.75 5.39 38.91 29.37 37.11
4.74 6.32 18.48 2.45 9.88 38.85 18.63 22.02 7.21 29.87
4.43 21.1 20.34 32.25 25.77 21.97 36.47 14.17 24.58 26.59
37.31 34.76 5.79 22.12 13.12 14.5 12.78 10.29 4.55
3.46 10.56 38.08 10.88 32.64 33.17 16.86 33.47 37.89 36.09 10.22
6.94 7.38 21.54 17.89 8.65 25.39 26.54 9.84 5.42 32.38 15.66
23.13 7.69 37.07 22.87 22.15 14.38 31.71 27.51 17.57 20.87 17.75
22.37 25.76 1.99 13.38 39.12 16.35 20.37 5.89
27.59 15.39 13.34 23.06 32.18 36.0 9.4 38.02 4.64 16.88 10.54 3.23 17.91
33.8 8.03 30.03 2.83 7.76 10.14 32.57 16.2 6.39
37.25 10.44 30.05 18.06 18.75 37.66 17.99 31.22 27.4 22.19 15.14
10.21 39.71 21.68 29.42 39.49 33.42 34.29 26.8 25.67
24.4 16.17 20.84 4.31 29.2 13.46 24.25 10.94 19.81 23.52 22.04 3.55
21.97 20.91 27.72 19.56 20.1 30.2 23.63 2.56 32.58 31.99 1.82 35.28 14.08
13.36 35.57 38.18 9.16 18.85 16.22 1.68 30.48 11.25 16.93 38.05
10.79 20.48 27.55 39.05 30.13 17.54 39.09 16.04 35.16 7.5 11.68 11.29 11.61
2.89 7.06 22.67 33.88 28.79 36.6 25.44 18.16 3.18 18.14 9.93 6.65 9.92
17.3 25.57 34.97 36.09 26.75 30.26 33.31 23.78 24.34 19.46
6.56 39.17 34.23 14.35 13.11 18.23 29.85 29.27 37.91
8.31 2.52 26.16 37.66 18.21 20.53 29.17 29.06 18.24 34.54 17.1 28.01
14.76 16.42 4.56 2.46 27.46 4.9 27.36 19.72 29.53 34.56 31.34 22.61
11.98 22.86 9.24 28.24 13.04 8.0 18.09 15.13 38.49 12.15 7.51
11.46 34.47 34.85 36.98 20.47 10.02 2.1 30.23 6.35 20.66 4.65 4.0 2.4
13.37 11.55 28.0 28.75 2.48 11.49 3.99 28.76 34.7 28.01
6.35 6.02 23.24 6.83 29.6 37.72 14.37 7.24 9.69 9.69 19.08 21.37
4.82 16.88 23.24 16.99 4.78 7.09 6.48 11.86 38.68 27.06 24.26 33.62 38.85
35.89 5.8 37.36 4.94 10.78 29.18 6.97 16.37 15.38 17.7
24.06 11.06 27.97 6.19 22.34 13.21 37.76 15.93 36.42 31.05
28.56 26.68 23.26 25.75 9.3 28.62 29.33 16.93
31.0 33.42 12.48 9.78 18.35 33.3 15.67 4.59 37.42 29.59 11.01 28.05
17.3 7.68 28.76 39.54 36.11 18.11 15.86 3.73 31.49
20.3 16.62 13.74 19.78 28.32 33.7 2.62 36.55
34.15 9.93 25.74 31.8 10.81 19.85 13.01 31.7 6.52 20.95 20.22 11.44
22.8 17.12 36.69 7.28 29.57 27.57 12.47 3.7 39.59
28.87 25.57 33.58 17.37 39.44 28.85 31.99 22.3 10.31 7.98 19.91 26.04 17.71
10.46 23.49 26.24 25.12 26.79 14.03 30.09 25.1 27.66 16.88 24.84 38.3
25.01 17.86 27.65 1.99 19.89 36.04 23.8 12.24 36.92 15.16 33.15 19.56
11.26 5.84 21.13 32.81 32.01 26.3 8.2 24.66 35.28 28.61
25.41 7.83 30.37 13.03 13.38 3.8 39.36 21.61 36.69 2.83 11.4 17.91 15.76
18.7 35.81 6.89 31.47 38.94 12.8 19.28 16.29
36.54 8.0 24.94 17.79 8.76 22.49 26.28 7.75 38.5 29.78 37.65 6.95
7.86 13.95 4.87 4.56 23.68 12.98 18.19 28.29
6.5 18.62 32.2 15.61 15.14 19.34 36.55 3.97
39.08 4.02 23.09 28.26 10.89 32.07 36.84 14.39
29.79 33.69 26.75 34.87 9.39 38.75 6.24 20.4 8.95 16.09 19.43 29.52 31.22
1.64 13.77 10.06 35.02 6.95 24.54 32.76 35.65 30.64 3.78 30.58 29.01
9.72 28.52 25.73 35.66 17.72 37.68 34.37 33.64 13.46 2.33 35.9 3.86
24.05 16.17 33.17 24.85 29.1 11.39 16.74 13.5 34.83 4.05 13.35 4.53
26.91 8.13 11.15 27.71 17.64 17.42 31.43 20.86 26.43 32.54 26.49 18.36 4.11
17.58 16.82 12.91 32.72 12.31 19.56 18.77 12.93 12.38 24.27 35.02
33.35 31.1 37.41 37.03 12.18 2.88 39.89 18.13
36.52 15.92 5.79 28.14 34.75 35.33 3.94 11.91
16.11 6.32 14.33 14.94 15.9 21.8 26.34 20.56
21.0 26.5 19.61 38.48 19.37 34.12 27.71 34.75 4.6
32.2 30.55 29.7 5.24 4.61 34.66 24.35 5.8 11.32 20.42
35.39 31.18 39.83 17.66 32.67 32.01 37.24 25.62 21.18 27.81 32.94 10.82
32.7 19.55 12.19 10.01 33.74 34.99 31.78 14.12 25.22 18.91 39.51
4.15 16.69 37.23 30.87 2.23 38.94 28.94 39.2 28.46 37.2 6.68 17.27 36.63
10.58 29.19 11.13 7.29 15.32 34.46 19.87 18.3 19.32 5.56 20.12 2.23 6.49
20.39 2.24 33.22 6.5 30.48 33.88 12.18 33.07 33.09 2.42 33.68
16.7 3.64 27.26 17.98 26.11 12.38 4.06 18.89 4.01 5.62 30.82
39.43 17.72 38.08 27.32 37.25 5.73 21.58 32.75 14.45 2.71 15.26
30.22 26.35 20.12 25.89 36.28 17.32 31.2 37.04
38.14 31.62 10.58 38.11 9.09 32.72 29.62 21.14 5.58 14.57 23.79 33.95 23.83
39.76 16.6 25.83 10.03 7.66 35.31 2.62 21.06 33.29
3.06 13.86 29.23 17.74 7.71 10.51 4.75 31.94 9.64 24.61 25.77 9.54 7.16
11.68 33.83 15.67 36.3 12.05 35.08 24.11 19.74
34.1 18.37 26.34 5.44 10.49 27.3 23.6 36.2 35.79 12.51 11.49
20.88 8.74 14.55 15.78 11.14 7.49 21.52 20.72 13.18 29.93 9.87
5.54 36.91 15.36 22.75 30.47 25.3 35.89 12.82
20.29 12.54 7.34 28.36 5.31 9.46 8.69 38.45 17.11 17.78 12.67
34.47 18.47 32.41 28.07 19.24 2.4 25.37 28.98 13.69 7.22
21.84 20.88 5.75 39.82 28.69 2.23 9.13 9.03 30.86
24.77 19.28 32.45 15.23 7.65 20.7 6.94 12.56 15.95 17.14 30.11 37.01
17.13 8.09 9.56 38.6 16.34 20.55 31.07 5.35 38.76 15.94
21.71 10.05 18.32 8.85 36.96 25.02 36.29 27.89 24.5 28.89
27.67 2.14 26.12 23.86 11.32 17.44 5.43 7.27 22.56
32.24 34.88 34.73 20.3 3.72 17.47 22.67 25.88 13.97 33.14 26.86 4.67
24.44 27.54 22.74 37.91 13.36 14.67 11.75 29.29 18.42 21.02 12.04 26.44
9.12 11.25 28.66 31.05 17.41 11.07 10.0 34.86 6.66 33.88 17.7 3.92 13.16
8.03 23.45 22.72 34.06 17.73 27.46 29.79 21.17 28.55
21.0 19.51 2.98 30.33 15.04 27.92 9.14 22.42 28.2
21.91 8.84 28.11 20.14 16.01 4.48 9.13 33.77 11.45
39.74 33.59 6.75 5.05 1.59 11.18 21.09 32.96 18.25 1.72 37.58
14.91 7.35 31.98 15.42 14.46 5.23 4.51 31.36 21.86
27.82 4.21 38.97 7.23 6.39 39.71 26.31 39.68
10.52 27.02 37.99 9.93 29.06 2.88 37.65 17.37 37.3 5.92 32.85
6.75 6.13 36.1 18.59 24.49 4.85 26.61 33.34 37.49 33.19 31.21 7.51
37.6 25.74 36.02 12.57 30.62 20.63 6.37 7.28
11.16 33.09 13.05 17.68 14.24 35.85 8.77 14.9 18.71 39.79 16.8 28.81 21.67
28.47 7.62 17.3 31.76 28.45 23.01 29.76 4.28 23.34 4.34
33.92 24.18 8.65 17.3 34.43 24.3 37.72 24.05 10.94 10.38 35.59 26.99 13.08
10.07 21.57 28.77 14.19 19.2 14.49 27.69 11.29 37.02 29.49 31.03 25.7 26.09
9.35 20.71 17.3 31.98 18.07 19.43 29.45 20.93 20.85 27.2 14.68 37.87
10.99 20.5 10.67 38.84 26.8 28.46 34.67 24.88
37.47 3.94 37.87 3.74 15.56 9.63 38.4 3.87 29.63 20.61 32.28 29.73 21.3
1.83 39.01 18.44 20.28 14.44 26.39 3.18 6.97 10.73 28.39
24.23 37.44 4.88 36.94 16.37 12.45 20.44 5.63 36.35
15.02 35.58 1.52 6.58 24.17 19.1 28.25 28.01 31.96
23.13 12.18 14.59 13.42 9.31 18.57 21.24 5.53 10.28 24.3 20.3
27.18 24.93 32.42 39.79 30.29 17.23 35.57 14.26 22.59 26.87 34.02 2.71
33.33 29.46 28.17 34.42 10.69 26.44 21.99 1.81 27.61 16.15 30.13 16.09 7.31
14.15 37.75 9.01 26.63 12.73 9.33 33.04 20.8 25.12 18.05
24.69 4.57 12.45 39.02 10.7 9.89 3.93 14.39 37.74
32.43 38.83 34.8 31.87 3.54 31.07 30.77 8.58 17.01 39.26 6.4
6.67 15.25 22.9 37.62 31.35 28.94 13.12 15.56 9.86 13.6 12.56
39.94 8.8 17.66 12.22 35.47 12.52 6.53 22.12 22.34
18.62 36.75 12.18 33.36 11.86 10.88 2.32 25.98 9.75
8.8 9.33 28.96 6.22 18.66 19.08 35.55 16.8 8.17 39.88 12.57
21.15 12.86 13.41 6.39 23.37 39.03 32.2 32.6 9.66 37.43 2.92
34.59 2.25 8.49 32.39 35.9 35.16 23.25 1.97 39.08 24.54
5.76 5.56 28.99 11.64 37.25 28.89 28.3 29.47 2.68
31.06 3.97 33.74 9.96 37.2 12.17 10.06 19.84 15.43
14.3 13.52 11.0 2.05 4.66 3.24 33.52 11.63
26.59 3.06 21.36 10.29 18.63 3.89 31.12 10.01 10.51 37.38
20.64 31.18 13.22 32.15 34.54 3.06 32.36 9.42 31.11 37.08 13.21
5.19 36.26 26.12 39.86 22.41 21.12 10.72 23.68 7.37 30.23 6.35
8.3 6.88 7.23 7.56 36.65 3.09 19.1 32.25 33.47 14.66 9.97 28.36 10.31
2.63 33.41 28.33 17.07 37.64 20.3 34.41 13.26 27.28 23.08
19.14 1.8 8.26 20.57 32.98 25.21 39.2 10.19 24.68 7.49 26.77 18.77
30.19 30.53 4.06 27.06 12.18 25.13 3.37 36.28 33.21
35.41 5.96 12.37 15.61 21.02 13.51 35.49 3.65 27.16 36.74
18.3 33.76 31.64 2.66 36.05 16.98 35.24 9.6 34.59 34.04 19.92 29.55
2.08 17.53 36.07 25.95 10.13 14.31 32.81 27.0 4.77 39.44
17.0 8.57 3.24 23.39 16.25 8.0 23.47 13.55 38.11
8.04 23.02 33.92 33.98 7.24 31.44 39.47 36.37 1.86 14.86 24.22
28.06 34.51 11.98 12.23 8.45 39.33 12.93 36.72
4.02 29.93 9.36 8.48 17.01 2.05 18.03 3.45 11.91 35.6
37.02 4.49 26.13 37.84 19.98 1.58 18.92 23.7 28.31 2.4 16.67
22.94 18.2 32.4 28.65 6.29 32.25 2.32 17.42 31.93
4.8 20.29 37.58 16.04 33.37 25.95 6.49 19.79 9.13 26.95 19.45
37.86 27.78 21.54 36.17 22.49 23.56 38.5 6.21 13.98 31.43 12.99 4.77 7.02
21.64 27.67 31.6 7.33 9.93 28.63 12.14 20.21 34.96 35.39 8.94 6.46 14.07
13.87 8.91 8.35 3.64 31.71 33.93 29.55 20.51 22.26 36.86 14.64 1.52
38.52 6.98 35.42 13.75 18.83 7.79 7.96 20.47 11.95 16.46 26.59 35.92 9.94
11.48 29.14 38.31 33.18 38.45 11.29 9.49 21.29 15.14
24.43 22.84 8.47 32.52 32.37 37.99 11.98 24.2
27.31 24.76 17.63 12.21 7.61 26.71 23.13 26.55 13.43 11.49
15.71 30.82 36.87 35.17 7.84 24.52 28.65 12.82 27.94 23.02 19.66
16.13 24.01 22.79 30.16 38.15 3.6 13.53 21.12 17.27 16.7 34.43 31.75
28.84 30.5 15.78 24.69 38.81 32.01 39.82 15.71 21.6 19.87 26.15 5.76 37.0
15.51 11.53 12.96 10.24 26.59 29.23 31.39 25.45 21.49 39.3
22.2 20.89 18.16 20.25 23.18 10.06 3.11 18.37 37.59
2.74 15.73 32.87 7.76 33.51 26.48 35.38 30.76 37.37 25.16 10.74 3.91
39.91 35.32 18.85 5.21 24.46 25.12 3.43 28.86 2.09 37.16 29.32 15.98 12.87
7.97 2.53 24.31 14.73 24.51 16.34 32.72 22.14 16.13 18.3 34.03
24.23 12.09 17.12 39.85 10.98 8.94 3.92 11.95 22.9 18.16 24.69 6.87
8.77 6.45 26.89 19.01 2.48 25.92 3.92 32.15 34.41 14.26 8.21 28.55 22.11
23.18 32.96 34.21 2.08 33.08 14.6 10.09 33.98
22.38 39.81 5.14 15.21 14.46 17.85 1.96 37.06 18.9 32.76 28.46 22.99
35.92 9.18 12.58 33.63 24.25 36.58 25.64 21.72 24.46 33.17
35.25 15.94 29.71 11.42 33.5 6.63 23.04 1.67 1.53 4.19 28.46
31.74 4.91 22.82 5.46 13.84 21.37 32.27 15.63 18.17 24.69
15.83 35.28 25.71 15.45 1.59 35.8 34.25 31.27 9.59 32.19 12.88 30.9
6.97 19.14 29.62 20.49 17.44 17.82 32.97 2.13
19.97 3.05 1.67 23.78 38.07 3.11 5.57 15.17 14.4
1.87 3.64 7.83 32.9 20.82 11.66 33.25 4.15 28.3 27.01 14.53 20.52 13.86
8.88 38.21 29.67 30.5 28.94 10.89 1.6 37.89 18.07 7.87 32.87
1.88 19.49 31.01 28.51 19.6 11.08 23.69 22.43
10.81 28.76 13.37 5.57 34.46 32.93 6.08 31.7
23.58 20.18 17.97 17.83 37.41 27.8 9.2 18.91 24.85 23.47 32.0 35.8
4.29 18.32 11.55 32.04 37.71 7.46 30.4 1.81
15.91 34.23 2.22 23.93 18.12 19.8 11.53 30.78 5.44 39.97 39.84 34.94 9.52
22.6 35.6 33.42 1.5 34.15 27.7 26.33 23.87
32.15 38.82 13.02 5.23 2.72 14.58 36.12 34.09 12.37
25.65 28.67 34.55 8.71 12.88 3.93 21.6 39.91 8.87 6.86
10.63 4.59 24.23 26.06 39.5 18.96 28.51 28.01 6.86
19.56 32.93 22.41 23.43 39.88 16.59 6.4 35.96
16.33 39.52 1.69 6.15 31.6 25.62 31.69 17.65
10.91 8.91 13.45 38.1 34.64 22.13 30.46 16.94 2.37 23.6
24.94 25.97 5.34 10.21 36.08 36.88 27.6 2.36 3.59 2.29 10.47
25.94 30.74 3.02 11.5 26.83 18.86 10.04 33.88 25.34 27.45
20.43 7.42 2.89 6.85 38.8 14.85 31.02 21.74 24.25 36.38 39.27 37.47 19.7
21.61 13.46 36.19 8.54 39.68 18.15 4.84 19.43 10.7 35.47 12.15 22.87
23.41 1.71 35.78 15.83 24.58 2.23 18.92 37.44 19.11
2.93 9.82 34.8 13.23 12.25 11.04 3.91 28.36 18.94 2.13 1.86 5.29
15.61 11.92 25.96 9.42 18.56 8.4 33.78 2.92 27.52 22.75 9.89
39.89 27.25 23.38 18.05 15.47 3.55 3.56 28.63 23.86 10.35 37.86 9.25 10.33
18.37 9.17 36.06 23.54 20.56 25.26 16.43 21.6
29.44 9.62 29.58 15.97 5.86 17.29 7.85 32.36 39.88
3.81 29.38 18.02 26.35 15.05 5.97 19.94 24.07 9.04 28.83 37.98 5.38
7.93 17.58 16.56 32.44 15.8 18.49 9.6 20.57 14.81 6.38 7.87 39.65 22.42
32.07 5.93 20.82 39.19 25.15 28.37 11.2 4.87 11.9 6.4 2.84 35.75 30.93
21.41 13.3 25.61 8.3 32.16 10.01 13.01 34.58 16.43 4.97
17.42 33.11 32.65 24.64 16.79 5.35 27.25 26.67 26.56 14.87 17.79 11.81
28.12 10.57 7.1 29.07 37.18 6.21 4.41 8.0 25.73 39.26 3.15 2.62
27.56 17.58 20.98 32.81 28.97 13.71 35.48 11.31 18.44 32.39 19.19
18.66 18.26 21.36 7.29 23.22 15.05 33.27 14.75 16.81 5.78
24.11 20.83 38.41 27.52 38.91 32.14 6.85 3.5
39.17 34.12 31.37 28.91 37.61 31.79 4.9 9.4 5.73
21.14 10.32 31.28 25.29 21.93 4.0 31.44 36.71 35.64 16.75 19.55
6.42 27.98 24.46 7.41 32.53 22.24 20.6 9.0 3.78 5.88 19.74 8.05
17.13 12.46 37.49 24.21 27.71 23.41 19.82 6.76
30.49 3.77 25.84 22.11 12.15 38.09 6.68 29.83 19.04 15.03 5.28 37.87 6.5
31.17 27.59 8.95 25.39 10.17 33.56 3.57 19.42 20.63 37.38 7.16 33.3 17.76
5.78 16.12 12.05 5.11 18.52 12.93 12.44 30.1 2.02 13.11 37.88 26.1
27.61 32.81 16.19 7.75 9.22 35.1 27.97 19.26 15.23 24.89
15.36 25.86 16.98 32.21 26.02 37.32 12.12 1.54 19.14 36.93 34.38 7.15 32.88
33.38 8.97 16.64 30.12 3.64 33.39 35.61 14.37 1.59
33.9 14.76 28.25 7.06 30.0 2.77 8.13 21.05 18.83 18.76 22.85 20.26 14.74
36.7 10.42 25.09 2.16 27.03 9.81 38.58 37.6 21.37 13.99 12.49 37.13 20.61
14.37 12.46 32.98 5.88 39.76 8.43 16.35 27.69 31.64 3.74 37.56 37.92 5.78
20.53 34.15 14.13 4.09 26.82 11.81 28.75 13.09
1.52 22.33 11.43 21.63 7.27 18.52 10.02 32.76 9.65 22.5
37.82 34.58 16.86 16.41 2.4 28.82 31.8 10.58 19.72
18.19 36.7 40.0 17.36 8.24 20.15 29.1 29.58
3.01 9.38 12.46 17.53 38.87 29.13 27.4 37.02 13.87 14.31 6.96 29.86
19.63 9.9 23.1 12.63 13.93 9.04 16.22 34.3 4.37 21.21 4.73 32.27
31.3 1.99 18.03 2.19 33.37 9.54 32.63 17.86 4.17 9.94 26.43
32.99 37.29 23.9 12.64 21.6 15.95 16.63 37.94 30.55 28.82 23.45
2.09 23.03 15.22 3.48 5.19 22.66 10.57 6.53 28.5 13.42
14.06 22.42 37.26 29.04 23.96 7.36 18.67 28.78
25.3 19.46 1.71 18.13 37.06 17.44 9.54 24.54 15.88
6.47 11.76 2.78 24.26 27.02 20.46 27.91 34.04 8.63 29.43 26.85 2.93 3.49
14.03 5.91 14.09 28.32 22.21 17.57 32.21 1.73 21.17 20.7 3.07
3.66 31.18 25.98 31.05 37.82 39.69 32.37 10.75 27.61
24.19 18.46 5.93 3.16 12.58 7.75 29.88 6.39
37.45 37.96 14.13 30.47 33.04 36.38 17.84 28.23 34.41 2.35
11.62 36.81 4.5 4.84 2.55 8.66 24.9 18.23
7.42 36.94 12.55 9.02 22.78 22.01 12.17 5.15
21.44 2.7 7.91 24.82 7.03 13.11 2.72 31.33 29.69 8.51 12.21
29.91 20.23 20.06 15.67 24.66 22.64 24.97 3.71 10.24
8.84 33.77 10.57 9.35 27.46 23.36 29.59 32.1 28.04 38.87
31.32 24.76 12.51 10.52 22.5 22.66 16.77 22.96 39.65 23.7 15.03
15.63 19.35 19.76 22.72 28.86 36.44 24.07 31.83 31.29
24.62 34.69 25.49 36.81 19.28 32.03 22.8 35.71 3.76 33.11 16.15
32.85 36.78 15.04 24.3 5.86 34.78 38.24 12.91 17.99 38.64 35.56 23.84
33.04 13.97 31.51 14.13 29.99 38.05 29.44 25.12 10.15 26.0
23.52 21.06 9.28 25.1 6.45 24.93 16.88 26.58 12.19
5.62 6.17 6.19 13.23 25.62 6.68 18.72 20.4 1.61 19.12 29.74 26.25 27.03
12.45 10.36 29.35 14.14 36.82 9.94 29.65 33.49 11.22 3.99 31.71 4.5 19.08
9.94 38.58 34.3 5.28 39.96 14.75 39.95 13.95
31.23 8.88 16.62 14.91 6.22 16.68 31.8 3.7 39.32
13.23 22.1 32.27 17.05 13.12 8.28 16.63 27.61 32.39 20.39 14.15 36.9
36.85 34.09 30.07 24.65 35.68 35.22 4.93 21.41 32.53 17.72
39.89 14.16 26.4 15.0 18.61 20.63 23.42 16.68 37.4 33.2 9.14 33.59 30.67
31.3 38.57 15.76 24.31 26.33 17.87 27.63 38.07 38.93 31.38 38.64 34.04 39.24
7.41 38.15 4.44 3.24 39.96 14.91 26.35 6.63 26.69 12.91 12.27
9.33 29.0 31.95 8.18 20.08 3.78 8.57 25.36 30.21 23.42
37.62 14.77 6.34 6.63 4.96 13.19 15.17 15.13 13.63 15.88
9.51 5.35 17.56 36.77 38.41 5.07 22.89 17.3 19.19
34.58 3.29 38.34 22.33 24.6 33.42 7.69 32.56 19.53 35.17 15.71 8.01 13.66
34.13 13.12 25.63 34.95 36.63 37.75 18.11 12.52
21.1 32.03 9.99 4.01 11.12 2.84 35.84 16.34
21.11 38.08 32.75 9.58 28.29 25.8 19.88 19.64 21.09 6.32 24.68 22.86
11.75 38.08 24.64 15.21 36.28 2.39 12.55 1.93 34.01 34.33 22.69 21.93
8.06 1.86 34.95 9.35 26.89 33.62 22.21 32.75 4.05 26.6
27.55 22.49 5.27 14.44 21.24 8.89 38.48 8.05 28.03
29.76 32.07 8.45 31.45 14.08 16.03 20.13 26.77 15.63
27.07 27.27 31.86 33.25 12.44 25.77 8.61 6.5 35.25 35.64
26.53 8.28 31.43 16.74 10.56 36.1 25.87 8.71 35.01 8.06 29.88
9.29 14.2 23.44 25.07 26.75 12.32 35.93 37.36 5.02 9.58 8.0 30.65
15.61 12.35 23.18 37.22 39.77 27.28 11.0 22.97 6.24 35.37 23.44 22.28
26.97 19.36 22.24 15.5 11.73 18.49 22.68 14.59 35.53 24.75 14.78 13.13 28.37
18.91 10.55 23.6 4.38 6.46 6.3 29.4 38.67 6.92
5.29 32.34 10.55 31.47 31.15 27.37 8.65 37.94 20.89 27.88 38.1 16.49 39.96
36.56 5.63 35.04 9.58 10.31 8.08 6.91 29.78 8.23 21.39
2.52 14.46 21.81 9.74 11.06 10.99 9.09 21.71 10.05
24.04 25.85 6.1 26.44 16.52 6.19 23.28 24.68 39.61 20.19
32.85 35.45 19.95 23.23 6.47 18.93 23.83 7.89 2.36 27.35 11.01
33.17 3.25 25.2 10.95 13.06 3.73 30.78 16.59 18.06 14.37 31.45
28.31 23.66 1.84 31.52 10.51 9.65 10.2 35.65 37.07 3.89 20.35
38.79 38.53 24.01 35.48 34.78 23.43 25.24 35.08 5.84 28.36 17.22 22.04 35.06
1.56 24.38 17.22 26.49 6.4 20.4 10.27 8.4 6.22 30.41 30.65 12.45 19.61
29.46 38.81 12.95 12.32 38.72 25.06 32.96 39.79 16.77 16.86 31.28 11.59 11.9
31.76 9.43 32.22 32.07 34.67 29.29 31.86 39.87 31.38
23.85 2.39 28.75 4.23 13.09 20.66 4.88 4.29 4.83 10.36 12.69 35.76 29.64
16.33 36.11 28.7 12.82 10.14 22.83 38.22 16.77
13.89 11.88 15.39 40.0 33.42 21.08 14.73 15.49 13.02 9.05 3.03
19.55 31.22 34.26 28.37 9.95 39.49 28.5 18.04
24.92 2.34 19.27 39.29 16.71 21.75 36.97 39.3 34.71 15.89 3.79
20.7 37.91 4.05 16.63 31.57 2.81 18.79 22.54
1.88 14.7 31.21 35.72 36.64 27.79 18.89 19.59 22.42 30.98
24.3 25.93 25.69 33.85 8.77 26.43 18.8 7.18 31.69 22.2 17.92 22.39
35.11 8.12 23.39 17.32 9.71 12.83 31.1 20.35
4.66 27.48 21.71 12.21 15.73 25.21 33.22 2.67 39.87 12.36 32.61 2.03
14.01 4.93 10.04 26.99 38.53 28.32 31.58 31.15 6.31 17.55
39.92 16.01 10.78 28.82 20.14 30.76 20.82 26.98 31.92 11.76 22.84 16.65
31.73 38.09 39.83 25.1 24.62 28.78 24.34 31.57 18.05 20.06 21.02 7.28 33.9
23.66 21.69 19.23 23.51 21.29 31.06 26.98 9.32 34.71 14.48 36.7 34.76 24.01
31.03 3.76 33.5 8.57 24.28 24.25 33.29 35.06 7.68 33.03 4.69
26.5 3.43 9.88 38.38 33.94 21.03 8.09 39.02
29.16 9.98 30.61 6.01 38.36 32.42 30.94 39.5
13.58 22.21 31.24 10.11 8.73 31.13 18.35 26.87
4.05 7.68 31.18 37.95 3.43 13.29 11.36 29.74 39.64 21.22 23.72
30.74 34.18 9.9 25.41 30.25 27.52 14.24 25.39 13.44
6.38 31.4 31.48 27.62 12.11 22.34 11.43 27.78 22.4
10.12 27.81 11.1 38.88 19.11 21.82 11.26 2.33 6.42 22.07 31.42
27.03 2.84 26.59 17.63 21.18 1.92 24.15 14.43 13.39 35.94 28.81 38.13 36.22
17.85 7.07 24.25 30.14 36.68 19.43 14.38 21.32 35.66 2.57 18.57 39.27 20.27
15.42 15.94 35.91 3.03 6.93 20.85 13.55 5.55 16.68 11.4 4.98 12.89 24.49
17.3 39.21 16.03 9.98 27.38 17.25 38.48 5.5
15.69 10.92 27.61 14.94 15.4 34.84 7.38 34.19 21.05 20.76
30.22 22.0 38.82 9.23 36.97 28.67 22.57 22.23 10.19 24.21 4.93 12.56
17.95 19.73 39.75 36.57 36.65 5.01 35.88 37.27
4.58 1.66 20.69 25.62 8.48 8.6 17.05 20.68 35.71
24.21 18.58 30.64 6.68 38.09 4.8 17.84 1.6 25.77 15.07 12.33 32.82
15.2 11.33 22.63 23.13 21.15 23.05 10.64 16.83 33.56
22.95 15.84 25.22 39.71 13.91 24.22 15.56 7.33 23.7
7.17 36.45 37.33 31.2 35.79 6.91 34.94 29.79 5.24 30.8
23.68 14.05 14.03 10.64 10.07 18.11 27.55 18.36 35.42 19.99
31.24 37.72 4.37 19.39 37.58 27.45 18.9 38.02 33.92 16.41
14.21 38.5 21.65 9.08 26.58 36.71 7.27 27.23 13.16 24.39 19.25 4.72
22.06 20.69 6.82 33.17 3.26 31.32 8.77 18.13 22.86 20.97
33.82 36.49 31.34 26.72 25.57 15.62 4.99 4.17 24.65 14.12 12.78 2.12 32.57
4.02 2.43 15.41 18.95 17.75 9.19 14.9 23.23 36.7 32.65
37.34 3.3 20.25 24.86 13.22 7.37 19.78 36.33 5.44 28.9 14.97
3.07 11.1 34.42 18.03 26.3 13.71 26.11 23.84 6.33 8.46 9.53 27.27 18.05
34.86 13.48 5.52 18.31 32.94 27.31 15.33 9.35 6.18 18.03 36.24
13.11 9.03 31.8 28.07 5.61 20.28 11.61 18.96 16.43 30.9
38.96 22.13 35.5 33.42 32.58 36.4 33.09 12.93 32.15 37.1
36.8 5.53 36.26 16.03 33.27 33.92 22.7 6.25 10.96 38.76
13.72 18.86 23.04 39.12 17.83 27.65 36.93 19.22 15.77 31.81 35.53
32.21 13.94 19.15 19.91 16.91 37.71 37.44 21.99 14.58 30.81 37.7
1.9 3.8 35.04 15.58 17.1 3.52 33.41 13.44 20.32 22.98 19.97 6.0 5.46
3.31 22.45 5.21 37.76 6.06 18.44 4.56 16.55 34.12 5.79 23.31
2.13 4.57 20.52 23.33 34.99 31.57 3.33 14.86 31.98 27.3 27.44
25.77 33.99 13.11 35.93 26.88 16.37 30.61 4.25
15.97 7.47 28.77 6.88 16.43 25.98 4.17 7.9 28.37 30.65 10.69 9.91 3.36
19.21 38.16 29.4 35.73 17.93 34.27 26.43 38.68 4.41 32.1 3.14 15.66 28.48
24.19 23.42 37.15 16.44 29.98 38.31 38.45 13.11 6.39 31.7
4.64 36.28 2.01 15.2 14.0 38.45 14.59 13.76 12.9 11.07 13.01 7.59 5.77
23.82 23.93 31.57 21.29 14.4 35.17 18.93 39.27 26.91 35.48
33.35 37.0 27.53 12.57 8.34 5.75 15.49 33.64 29.29 15.23 5.09 32.63
36.91 11.39 35.67 30.08 6.2 6.9 10.16 3.0 9.56 17.96 29.06 37.79 35.96
29.28 39.95 28.16 15.68 13.12 30.11 2.05 29.71 16.06 19.21 22.54 27.43 37.48
19.68 22.67 26.26 1.91 28.86 10.24 34.92 34.8 39.84 7.77 39.88 26.0
2.17 8.69 22.51 29.19 7.06 17.5 39.18 15.21 23.35
14.36 23.84 38.93 29.91 5.65 9.15 25.85 13.85 13.55 29.51 5.18
20.48 29.41 22.98 33.61 2.27 36.66 18.13 29.64
7.31 3.4 37.86 10.92 13.02 6.0 9.06 31.04
19.31 18.21 16.48 28.19 28.37 4.9 23.12 24.71 31.45 11.83 12.31 15.44 23.89
22.25 6.26 39.7 8.35 32.65 19.86 5.11 31.91
15.99 8.29 25.77 28.81 31.22 38.89 28.71 8.46
3.86 38.72 3.82 30.95 8.38 33.3 17.1 39.98 31.36 3.53 36.83 4.55
22.54 28.32 13.75 8.48 9.37 11.64 19.3 8.49 23.98 3.9
36.84 19.1 14.58 18.53 5.23 2.38 10.48 2.77
35.28 3.38 21.55 30.52 22.9 25.99 27.02 14.76 20.09 26.27 12.41
26.19 26.67 12.04 39.88 7.12 34.29 39.94 29.01 13.54 16.07 18.16 8.34
2.49 33.35 20.28 6.08 36.45 1.72 19.42 29.19 27.16
37.4 37.61 19.28 22.83 36.56 10.6 6.18 30.99 24.91
2.11 21.59 36.79 6.35 34.22 31.56 21.75 33.13 35.21 38.48 3.76 8.79
7.1 23.39 10.28 33.38 2.97 13.62 2.75 19.59 1.8 4.56 34.66 20.35 24.52
10.64 30.87 5.89 7.04 1.53 38.68 28.11 14.25 25.72 14.3 6.74
32.92 10.89 14.04 17.36 13.56 24.83 39.55 15.7 29.68 15.88 34.12 15.31 14.4
6.64 19.62 13.79 38.61 18.56 21.11 13.6 30.97 30.74 22.6
19.48 16.65 5.79 32.7 2.55 30.66 8.15 39.46 17.67
21.82 30.36 17.13 38.27 39.22 13.85 17.66 21.0 34.49 20.09
28.89 29.05 28.67 16.92 9.02 38.42 27.82 38.18 23.95 26.43 2.45 13.6
32.2 20.36 14.11 4.04 27.87 24.06 13.33 14.62
12.72 37.49 12.44 11.8 1.96 22.83 23.34 17.2
16.04 27.64 19.94 15.75 14.98 25.88 33.95 21.84 16.63
20.23 37.44 19.26 3.76 31.19 32.56 1.65 3.41 26.55 6.54 32.7
34.66 12.8 6.35 37.22 30.63 37.36 25.22 24.22 35.66
1.74 1.87 2.43 39.77 32.35 9.33 12.34 9.39 27.66
22.58 16.51 20.82 12.06 9.95 6.29 35.28 21.05 2.08 38.77 31.18 24.96
31.81 34.67 5.84 37.7 11.44 33.98 17.35 5.58 35.28 27.19
38.2 3.3 37.17 10.83 24.48 34.89 12.11 20.74 3.5 33.11 17.37 15.8
10.97 19.6 32.03 5.2 8.23 1.84 34.59 32.27 18.66 20.56 5.56 37.13 37.04
8.84 33.44 8.58 4.38 24.43 17.71 8.22 32.09 22.28 2.39 34.03 2.75 38.62
39.67 21.65 20.78 33.58 38.4 23.1 28.51 6.63 17.15 9.37
17.69 26.15 19.72 9.06 7.48 22.34 12.65 2.56 2.36 20.54 30.43 36.48
39.07 17.0 9.01 38.3 8.35 26.99 26.44 35.3 24.3 15.56
7.24 24.62 17.39 13.07 24.06 10.94 26.87 26.06 30.18 9.17
28.9 36.23 27.03 12.98 24.55 14.17 14.43 18.98 28.9 38.67 38.21 9.92 16.4
20.3 21.59 36.08 28.26 25.95 37.98 38.49 32.55 3.04 38.48 18.74 34.45
14.86 29.55 32.2 20.59 18.77 20.93 33.31 23.49 11.28 30.12
33.03 38.23 39.22 28.03 5.38 24.63 4.75 32.97
21.66 22.88 21.05 37.61 12.78 11.77 4.46 15.82 27.24 14.77 18.36
24.86 7.82 9.33 12.51 15.15 7.73 5.58 17.47 19.95 26.92 2.71 13.86 7.76
20.66 36.44 19.51 36.25 10.22 10.03 38.34 23.57 3.19 30.51 5.75
32.92 26.83 17.72 31.12 32.25 25.5 15.28 29.77 28.81 34.03 28.54 31.45 21.87
6.79 12.22 26.59 13.95 34.99 13.46 7.5 35.04
11.03 19.35 2.13 15.83 38.56 22.83 29.54 22.12
39.82 7.61 2.84 10.37 12.04 31.72 19.0 33.14 3.57 5.12 27.47 19.93
35.1 32.76 15.2 14.07 15.16 27.25 31.73 31.16
7.36 8.26 37.09 20.09 16.99 34.61 32.46 3.7 20.06 29.58 15.01 25.02
21.91 26.08 37.23 23.46 14.78 36.5 25.25 32.72 33.32 34.33 31.78
12.0 27.84 12.97 14.26 36.74 17.12 17.69 16.02 3.82 14.95 31.26 20.22
29.23 36.95 28.64 32.08 9.24 39.93 23.28 2.76 27.65 10.62
37.8 1.81 24.32 34.5 9.58 4.11 3.49 15.89 3.73 35.79 27.67 4.24 19.87
10.73 4.25 21.76 32.18 12.53 36.7 17.84 6.78
11.97 14.61 12.64 16.17 20.32 13.07 13.84 8.1 9.76 34.8
7.19 39.15 21.14 1.77 10.14 31.19 26.69 22.01 32.47 13.58 18.76 10.11
9.79 25.28 18.58 20.78 23.32 7.58 29.96 20.41 29.98 22.28 26.85
9.8 6.89 27.14 15.04 9.25 33.81 24.72 11.46 28.64 33.44 5.6 25.64
22.9 12.02 31.63 24.27 11.15 23.62 27.02 37.9 31.81 2.72 23.03 21.29
13.33 25.23 11.19 23.74 28.53 9.75 16.78 29.64
19.89 10.14 28.73 32.44 30.6 31.5 19.3 10.75 39.32 5.32 21.03 32.49
18.41 9.71 1.89 38.32 7.69 4.77 31.7 7.24 33.74 21.35 12.36 23.53
30.76 8.0 10.51 18.58 38.23 38.13 20.96 31.31
5.24 20.36 27.5 31.4 35.24 22.27 16.43 30.78 27.15 25.67 3.32
6.3 10.21 23.68 8.38 8.14 29.82 15.32 10.32 1.76
8.03 15.37 6.15 23.31 23.12 17.24 5.5 6.48 24.78 36.05
31.34 10.64 32.64 30.48 27.79 28.96 31.84 13.44 6.4 15.26 31.98 17.0 26.17
3.55 32.34 18.24 16.68 15.57 36.72 39.12 19.73 27.33 32.19 22.3
13.11 6.72 6.34 37.79 21.08 28.76 28.07 29.55
19.36 13.28 26.24 34.05 9.74 6.58 3.73 23.0 16.91 6.86 39.6
4.95 29.02 15.16 23.26 34.15 21.06 28.04 32.77 24.46 38.75
31.69 1.73 3.31 15.28 9.76 21.04 8.72 6.23
18.02 1.57 10.29 30.94 36.93 23.36 14.67 25.36
10.09 30.92 39.6 28.02 33.17 24.6 21.58 7.69 23.68
18.06 25.23 14.93 21.16 3.43 31.73 29.77 36.84 34.47 32.93 19.96
28.1 13.96 16.76 38.38 18.74 24.94 17.07 6.73 20.52
27.34 14.64 39.48 15.58 24.04 22.46 12.31 24.47 26.89
26.3 8.47 5.65 32.91 5.12 7.05 34.08 29.71 18.04 19.77
3.31 7.79 29.31 15.14 38.12 21.79 29.65 16.97 27.1 3.78 30.39 29.52 10.21
9.17 14.38 31.15 19.93 6.49 19.2 24.01 32.17 38.56 38.91 10.34 37.37 29.11
35.0 28.22 10.73 38.79 28.36 38.71 7.74 33.03
29.11 6.77 6.57 5.95 8.42 11.2 14.1 4.21 20.92
30.27 13.25 19.01 9.79 5.54 13.16 12.24 5.86 1.52 19.51 6.61
20.26 34.8 22.01 36.36 29.08 13.58 7.7 3.47 19.1 16.06 21.56 14.33
4.51 36.07 7.73 19.98 36.98 13.38 5.98 33.16 6.69
3.94 34.15 35.03 14.79 39.67 31.24 21.56 17.86 17.7 7.75 18.94 4.78
23.8 34.06 18.86 25.57 35.28 11.56 33.04 2.17 8.41 35.42 37.08
23.41 13.18 6.33 20.11 34.24 29.84 19.04 2.83 20.67 13.13 19.42
34.74 13.78 23.54 4.5 18.36 27.89 39.62 13.17 25.29 35.77 4.68 14.14 8.07
32.68 2.2 15.75 1.55 27.31 39.18 15.29 6.8 22.58
23.07 38.61 11.65 6.4 4.28 17.76 38.72 26.33 18.63 34.95 23.37 3.6
4.47 3.44 33.84 24.02 39.72 12.58 38.3 5.75 16.48
35.54 27.73 16.44 35.99 17.43 9.71 29.17 1.61
7.12 4.14 21.8 2.87 30.58 29.19 27.51 31.02 29.91 39.52 31.84 38.54 19.53
4.16 23.77 36.51 27.45 36.57 27.92 21.48 12.02 12.55 4.01
29.87 30.16 11.53 29.7 2.92 26.18 32.52 24.04
4.16 16.12 38.98 31.62 20.75 39.48 39.76 15.58
27.37 33.05 32.79 17.19 20.07 20.71 2.9 24.26 17.26 7.72 8.88 9.72
22.23 39.7 13.82 7.28 36.48 24.6 10.83 31.4 17.92 14.68 29.54
10.74 18.62 16.32 23.21 5.72 21.91 13.5 6.56 32.98 2.71 37.07 8.62 25.68
37.26 8.5 3.55 37.19 1.75 2.83 31.98 5.13 36.9 37.99 18.56
37.46 22.38 8.31 12.54 7.61 15.38 28.82 25.79 32.46 21.31
8.78 31.54 17.87 23.31 23.69 10.5 5.57 33.56 2.07 9.41
33.49 26.05 19.99 14.19 7.05 35.44 12.79 29.06 27.41 20.73 35.21 7.68
26.73 16.97 31.68 18.06 14.03 6.02 12.45 6.11 36.62 6.43 25.09 14.08
17.75 6.4 5.26 21.63 31.19 22.71 38.61 33.08 28.35 35.56
16.42 18.42 31.9 9.03 8.75 24.29 7.24 22.72 37.07 8.55 20.63 38.34
18.04 33.83 31.2 25.32 24.93 12.31 7.08 14.34 19.73 10.1 27.38
7.9 8.33 3.87 12.98 18.03 34.5 26.71 36.06
9.08 2.94 28.19 3.75 23.88 14.85 26.61 4.19
29.06 38.39 35.52 35.24 33.88 26.45 29.93 29.79 34.24 18.73 16.62 36.04
10.87 27.34 27.58 30.14 25.84 5.0 6.7 32.59 33.3 5.24
38.88 4.96 16.09 18.75 25.39 27.59 32.31 10.38
4.86 30.2 6.38 33.58 8.12 15.33 7.03 1.68 7.88 21.74 13.08
11.06 18.95 26.3 19.71 22.91 13.06 37.63 27.13 35.46 11.74 19.97 32.41 10.08
32.03 35.73 17.37 23.66 11.49 15.83 32.15 39.92
34.38 28.76 21.53 9.05 21.85 17.01 1.54 22.39 2.76 16.4 3.99 11.52
1.91 14.75 11.07 10.36 29.6 6.08 6.4 13.09 8.07 6.06 13.77 29.43 34.45
9.0 21.98 14.11 29.42 10.82 37.46 14.1 5.32 7.95 8.35 35.22
13.06 6.78 37.93 34.55 16.7 7.69 21.98 24.44 35.22 29.17
13.05 30.75 31.58 27.06 10.71 11.6 30.19 8.65 8.61 27.49 16.52 22.09
20.61 4.72 16.02 20.73 36.86 20.44 8.89 21.6 14.59 20.01 14.43
34.34 39.66 2.08 10.56 12.32 27.04 14.44 19.27 3.97
1.94 18.67 21.27 21.57 38.75 15.8 21.72 20.85 1.58 39.76 12.5
10.77 22.2 26.87 23.35 15.08 9.36 33.16 37.29 12.45 27.52 18.46
37.92 15.28 31.5 26.9 39.68 32.72 18.76 27.21
33.93 22.06 31.42 38.72 3.4 19.54 37.54 23.69 34.32 25.59
11.4 21.38 36.5 27.58 19.91 33.77 18.56 32.89 39.59 37.83 38.52 17.64 23.19
14.35 34.12 16.36 26.13 9.12 38.61 25.7 7.04
18.58 21.35 7.21 6.03 10.71 10.25 4.92 11.36 23.25
9.3 15.19 24.61 26.42 31.8 12.46 14.96 13.41 20.93
21.21 25.58 29.86 14.91 25.17 2.47 36.73 37.91 32.9 28.4 21.29 24.18 22.57
16.8 1.67 13.44 26.18 3.83 16.9 22.38 17.43
19.89 3.47 31.76 23.51 4.09 5.41 12.42 31.99 23.57 16.23 3.12 28.92 5.52
26.18 17.4 36.68 10.04 31.48 19.67 31.3 17.74 6.68
31.55 39.97 4.55 4.59 21.91 12.83 19.84 26.63 13.75
13.72 36.93 27.43 8.18 37.11 4.9 23.29 30.47 6.39 27.08 11.41
11.07 18.53 37.27 25.67 34.45 5.89 31.73 6.64 12.55 6.96 24.93 5.13 1.9
24.65 36.79 18.64 35.21 26.59 22.56 11.84 26.52 5.3 2.09 33.25 15.9 15.47
37.18 21.82 4.67 27.11 27.11 19.65 27.87 17.86 32.27 17.56 19.97
22.56 12.39 6.0 24.14 1.99 33.19 21.34 3.21 8.42
13.97 11.2 19.99 17.62 37.72 35.12 8.98 22.76 8.25
3.37 14.8 4.9 17.45 38.67 27.96 25.03 27.96 28.84 35.52 3.82 36.09 31.98
26.27 22.73 25.91 29.1 24.09 37.35 21.4 39.54 3.67
29.54 35.17 26.49 15.16 28.93 18.68 26.94 15.95
29.41 17.42 31.62 29.85 23.11 30.48 6.89 9.58 8.09 35.43
27.57 14.25 15.62 28.26 37.74 11.27 30.3 14.83 23.88
27.94 17.18 36.59 18.83 10.23 2.66 15.62 19.26 28.12
25.83 33.03 32.45 38.35 31.69 30.2 24.33 36.45
23.87 20.37 22.61 38.46 9.99 16.95 39.9 17.82 36.45 13.65 16.88
15.4 38.95 28.93 16.89 38.18 2.46 36.05 33.37 2.89
2.98 18.71 39.26 34.36 26.01 26.74 14.65 9.3 11.25 34.31 25.06 34.36
9.08 33.43 9.12 5.94 11.61 29.18 11.26 32.84 20.89 28.94 35.76
39.11 19.47 25.48 28.04 14.27 39.32 33.68 31.85 2.73 3.95
8.96 24.43 8.9 7.26 5.92 11.26 15.79 31.18 11.37 34.58 12.77
20.66 35.3 8.34 29.47 35.47 11.74 29.32 12.12 21.54
35.87 37.21 35.88 28.52 7.86 39.28 5.79 9.15 22.61 7.88 36.04 28.67 16.79
17.28 23.06 34.48 27.13 22.88 34.7 19.79 23.03 20.69 39.3 10.77
27.34 7.3 36.93 26.88 2.28 3.34 38.58 31.83 6.32 16.73 37.84
20.59 19.29 8.36 29.34 15.26 5.07 26.72 13.71 11.06 28.5 21.49 4.69
17.48 29.37 23.36 2.66 32.37 7.04 31.25 20.14
19.19 9.57 30.05 28.64 29.3 25.54 30.4 15.4
10.27 5.78 34.44 15.93 25.73 29.66 30.51 2.2 17.57 8.26 13.61 18.13 8.25
16.41 6.16 32.97 1.67 25.04 30.6 25.79 35.49
28.23 38.97 39.16 10.7 9.66 13.37 39.73 39.42 18.1 13.73 15.96 2.69 33.07
19.09 33.22 27.64 4.1 34.91 8.92 35.55 33.04
25.99 9.7 39.82 25.94 29.21 33.59 25.92 3.05 11.23 37.43 7.87
19.7 35.48 19.8 38.11 14.03 7.79 24.29 8.69 31.86 26.99 6.65 4.46
13.55 17.08 11.96 20.91 26.39 17.93 15.59 11.8 25.49 24.69 27.1
38.18 32.73 4.67 26.26 15.51 24.05 6.87 31.9
25.1 18.46 5.87 16.38 34.71 15.81 25.36 36.02
30.5 28.94 8.24 9.56 27.73 34.34 22.75 24.7 26.92 32.94
33.39 34.32 7.6 25.11 3.14 39.59 14.02 20.16 35.54 2.15 6.19 10.6 19.58
13.6 10.25 14.69 20.6 37.6 26.25 10.33 16.28 23.99
23.47 2.88 15.53 4.18 3.95 24.66 36.15 26.81
32.26 21.85 36.6 33.79 17.65 16.06 39.67 34.14
35.5 21.16 2.11 18.9 38.4 6.27 24.86 21.04
19.15 17.45 31.34 35.0 32.73 28.65 10.88 5.75 39.63 4.96 8.31 2.32 12.21
6.07 34.14 5.84 36.51 31.17 11.39 26.07 30.91 35.72 27.49 37.73
13.88 31.0 38.71 9.85 22.27 32.32 18.52 37.71 16.38 23.95
9.45 37.13 28.1 9.84 19.4 36.92 36.07 7.4 36.23 37.33 7.13 5.74
24.63 29.59 23.46 17.31 14.25 3.18 7.55 23.26
13.06 28.88 33.67 8.89 29.14 7.39 27.07 11.41
30.5 34.55 3.04 3.77 33.51 25.55 17.55 14.92 31.27
6.51 5.46 31.98 34.44 20.57 39.36 4.91 7.73 37.28 14.82 9.61
15.65 22.95 2.57 25.96 2.39 16.06 32.97 13.56 27.68 1.61 21.51
37.62 25.67 37.96 36.19 7.89 35.7 6.87 37.66 13.97
33.11 32.38 18.69 11.12 28.63 39.26 27.06 17.66
12.14 23.61 3.7 32.31 6.18 12.28 6.97 26.88 33.35 33.13 8.81 4.58
7.99 32.83 4.91 14.76 37.36 12.75 35.13 10.76 20.11 8.51 14.99 10.29 28.02
27.12 4.46 12.9 34.44 3.09 10.35 4.18 6.74
24.65 3.18 25.09 20.81 36.39 4.68 1.83 6.0 15.98 39.4 13.99 25.77
6.87 9.37 13.51 34.9 11.18 7.61 2.39 33.75 5.3 23.16 8.52 11.91
29.99 27.26 14.69 30.93 28.26 6.54 29.4 24.72 2.7 22.65 16.23 19.5
31.79 37.61 26.12 24.97 6.15 39.98 16.0 35.23 33.47 19.46 14.15 33.63
21.39 11.21 9.97 1.83 29.88 28.58 25.66 27.45 15.13 6.38 23.78
33.58 31.7 21.9 16.7 39.74 27.09 36.99 29.3 13.22 8.71 14.85 27.95
21.84 35.58 21.05 5.18 13.15 13.44 32.42 36.56 8.44 7.08 4.56
9.08 29.8 17.18 29.21 9.86 23.68 14.17 22.98 12.67
38.6 21.86 37.54 20.7 7.29 27.16 26.26 29.25 17.14
20.56 34.54 23.22 8.79 24.9 39.78 26.27 25.85
27.01 25.16 8.31 10.62 23.83 7.31 19.84 13.04 12.01 3.24 38.54
36.93 23.45 32.59 31.6 10.88 1.96 39.49 37.0 38.42 7.43 14.8
20.24 16.38 26.16 36.4 1.83 17.5 32.61 36.15 9.34 33.19 13.33 21.75 13.96
37.0 39.9 6.84 17.83 2.57 5.46 31.65 9.38 19.28 26.69 33.27 38.48
10.84 23.82 19.8 9.58 25.66 31.21 23.14 10.83 19.31 39.27 35.97
27.25 9.37 38.32 28.76 39.39 23.1 32.59 13.73
1.7 33.73 11.94 2.21 6.4 12.59 16.6 10.07 1.55 12.92
33.31 1.86 10.44 22.51 38.01 19.22 23.1 31.53 9.42 19.41 14.62 8.39 9.66
17.62 36.67 22.6 29.88 19.42 31.65 36.18 25.87
1.92 10.85 12.5 35.31 2.74 31.34 9.58 17.23 10.19 25.98
17.38 37.87 24.86 20.35 30.74 27.8 30.89 35.21 18.8 28.79 24.65 7.93 3.89
18.22 18.34 18.61 30.58 3.47 12.84 23.48 3.2 38.76 7.72 5.87 15.4 28.03
5.29 28.71 6.57 17.8 14.46 38.64 7.02 16.95 3.27
31.75 31.11 24.91 21.42 38.03 5.07 12.14 19.38 24.58 3.03 4.69 21.66
32.97 24.43 32.95 4.98 33.1 2.19 31.84 14.11 20.32 14.57 23.64 36.5
4.77 25.85 23.66 12.01 3.88 33.88 28.18 20.17 21.11 37.86 10.71
11.78 5.77 17.86 28.17 36.4 10.85 28.38 22.96 19.02
6.74 33.11 25.41 3.37 4.3 21.94 13.0 21.81 35.14 23.8 15.98 33.89
21.78 17.11 14.02 19.54 6.47 29.27 16.52 23.41 12.94 1.9 4.86 17.18
11.56 15.71 38.76 32.57 25.5 24.83 6.91 23.04 11.75 17.16 27.01 11.35
25.68 34.1 3.83 10.45 25.14 9.38 13.84 29.81 18.73 33.57 26.56 29.25 28.9
22.22 8.04 4.42 29.76 5.27 25.07 4.71 8.08
6.16 6.43 17.12 22.54 33.69 25.34 16.45 9.52
15.06 39.77 33.25 28.34 21.64 15.81 37.16 9.07 11.6 29.12 9.41
31.64 14.87 24.86 20.77 6.47 19.43 3.48 24.44 22.82 14.38 25.34
12.77 8.3 28.2 1.84 3.65 30.78 31.44 34.52
18.74 38.49 2.78 16.78 8.18 19.55 39.42 6.26
28.8 26.96 1.78 13.14 8.18 11.37 11.14 15.79
37.04 38.7 18.04 12.98 31.6 30.87 31.81 31.08 38.78 14.02 13.64
7.54 37.61 13.03 14.41 39.94 27.81 26.19 5.4 28.16 36.43 11.53
37.85 33.13 21.55 26.01 26.7 5.38 20.38 28.39 29.91 30.17 12.2
21.87 27.73 28.71 25.46 14.97 20.34 8.3 1.54 6.53 38.59 8.73 5.34 4.92
9.21 6.01 22.87 2.22 28.49 19.11 33.37 2.57 20.7 19.44 21.62 6.76 2.94
21.78 23.31 38.17 25.28 1.96 24.86 34.65 30.39
9.99 29.85 24.58 28.17 39.47 3.6 23.51 33.8 17.27
2.94 5.11 14.7 10.61 25.63 30.74 30.91 33.35 11.46 16.95 6.12
12.91 15.64 4.9 5.1 27.27 35.42 25.15 17.9 3.19 8.61 34.08 11.74 7.82
21.16 25.04 34.79 18.52 39.17 31.08 21.15 39.2 21.72 12.5
23.44 8.42 14.9 5.49 6.05 26.62 30.91 5.96 31.5 26.09
1.74 32.22 25.68 13.42 35.28 34.23 36.15 23.51 7.81 38.9 14.58
20.85 14.63 21.56 13.18 31.18 9.36 29.75 16.65
37.2 25.48 23.95 33.23 21.22 2.3 30.24 14.33 5.42
5.47 38.88 11.08 3.07 6.63 8.09 27.8 35.5 36.19
14.86 28.12 18.78 11.53 11.7 32.48 1.66 10.65 3.22 14.89
29.18 21.83 36.81 39.05 25.61 11.64 28.46 11.54 14.18
17.38 13.38 10.08 19.82 15.83 17.38 14.09 24.88 9.29
33.94 11.02 17.01 21.42 20.65 15.45 4.69 20.53 31.78 30.45 12.75 22.22 16.64
33.4 16.21 17.66 34.84 31.34 20.24 20.77 13.55
25.44 22.55 18.55 13.56 20.2 9.96 33.55 27.73 33.91 39.25 35.53
17.15 3.61 5.69 10.07 16.85 32.22 22.97 19.27 3.8 7.04
35.96 11.09 39.73 33.05 24.35 18.27 33.96 18.66 35.61 6.76 10.44 13.3
4.38 22.84 16.76 37.78 35.3 22.67 33.27 8.83 3.12
32.4 3.08 8.84 11.19 27.12 10.53 35.32 14.36 13.56 24.09
6.15 29.32 11.0 10.08 28.81 21.81 13.19 30.44
31.38 37.63 19.9 31.41 29.15 25.14 8.83 13.99 32.74 6.86 9.55 9.36
37.18 26.44 12.96 12.74 8.59 24.55 8.6 36.19
34.3 37.12 28.31 34.31 38.43 33.51 16.31 24.88 37.54 15.51 10.46 31.34
6.09 27.99 10.2 28.8 23.86 32.9 29.96 2.33 39.19
28.53 4.15 22.76 23.53 33.32 11.28 28.74 11.54 11.12 6.79 34.54 9.88 6.39
11.27 21.03 17.36 4.38 16.98 12.76 12.0 26.33
7.04 34.88 21.43 17.46 14.48 11.36 9.97 2.38 36.85 13.94 33.88 19.51
31.27 4.78 21.11 5.39 34.54 31.7 19.64 20.82
10.8 20.7 18.17 36.94 19.72 2.8 6.77 25.8 24.36 24.09 22.89
3.68 31.41 5.78 36.85 22.68 26.27 23.43 24.01 35.3 17.89 38.9 7.42
36.48 38.71 35.95 5.54 19.54 23.28 25.31 8.63 25.17 30.41 29.14
26.31 9.88 33.59 38.32 22.27 20.94 30.27 14.51 33.57 23.19
30.31 30.9 33.67 38.73 31.28 4.48 9.72 14.28 29.75 36.53 20.92 11.61
18.64 9.27 18.26 9.4 34.3 22.27 34.12 11.23 31.23 14.5 15.36 16.37
13.49 31.89 31.25 18.67 27.0 24.74 37.46 20.15 17.88 37.59 33.07 21.4 21.61
37.63 2.85 26.93 37.2 31.37 4.71 4.24 5.8 34.21 33.69 5.25 12.54 20.56
29.41 28.32 12.11 13.66 16.93 36.63 32.54 13.39 11.75 5.94 4.88
15.27 22.37 21.91 37.25 16.79 19.8 18.13 7.84
4.59 25.9 25.84 25.76 15.8 7.09 32.37 12.9 4.65 16.78 25.06 4.62
15.36 10.66 19.29 33.37 38.36 24.56 24.7 28.83 28.55 23.31
33.95 32.27 23.91 16.5 19.85 17.48 24.7 34.79 14.93 16.58 11.37 29.38
24.04 20.69 25.88 22.11 29.08 10.79 33.33 21.93 10.04 18.8 8.02 28.59 10.91
19.34 36.28 37.49 13.18 28.48 34.16 36.04 11.46 30.36 36.21 28.89
37.23 1.71 5.23 13.82 31.31 39.59 8.77 26.91 7.06 11.08 4.71 20.88
35.32 20.92 3.71 13.03 32.8 5.31 31.27 19.62 3.61 11.99
3.62 37.49 22.27 10.76 13.22 23.94 16.06 7.47 6.32 27.15
29.97 22.65 24.9 12.94 32.33 24.62 29.99 25.06 19.39 36.83 12.7 24.22
17.62 25.9 21.21 3.95 2.16 27.02 9.26 33.78
1.77 28.04 26.75 20.85 39.37 17.55 2.12 21.18 2.53 9.14 7.13 7.3 29.01
35.73 18.36 23.13 21.83 2.97 9.04 37.34 15.06 37.87 24.12
9.79 4.42 27.62 23.08 10.59 17.96 20.0 30.91
34.56 27.85 19.86 23.35 36.08 29.51 16.16 17.82
23.29 34.99 6.7 19.38 39.65 15.94 35.8 16.82 30.32 10.16
21.02 10.19 16.98 37.34 29.89 5.29 3.9 37.45
30.97 18.91 10.69 6.3 37.78 3.28 5.38 38.82 35.04 33.71 30.2
38.04 21.02 6.51 24.04 10.54 21.07 6.2 8.41
23.81 39.05 34.41 23.17 4.73 11.79 23.33 19.71
5.23 26.69 17.32 14.84 20.25 38.62 4.16 12.95 6.66 25.65 14.05 18.26
16.87 6.6 29.14 39.16 17.15 16.35 33.14 31.2 9.47 30.01
16.52 28.37 15.35 4.6 19.98 29.0 27.0 8.65 17.21 38.8 34.68
23.18 29.83 17.8 6.49 4.03 7.92 28.17 14.34 24.87 6.93 2.51 28.3 36.6
16.98 26.99 25.66 12.23 1.99 10.64 26.56 9.84
7.75 15.12 12.69 18.84 15.13 12.72 8.44 23.47 28.3 33.82 5.2
4.83 18.12 21.54 29.12 26.6 6.26 8.7 10.32 38.88 17.99 26.08 23.79 7.1
11.74 1.57 27.89 36.59 3.86 7.64 22.17 36.06 17.91 24.78 12.35
20.53 21.53 18.98 12.25 15.17 30.28 37.2 17.5 30.02 25.36 10.54 15.66 22.92
9.1 26.75 26.77 37.79 5.4 38.05 2.9 34.08 5.24 9.42
14.67 4.66 36.83 7.44 7.62 27.27 4.57 17.96 35.42 13.55 9.63 9.19
19.57 34.98 32.47 33.98 4.95 5.35 1.73 24.81 32.1 3.54 18.25
39.53 37.34 37.29 3.27 17.67 12.76 5.61 22.67 18.95 28.75 23.88 34.51 39.53
39.59 11.51 31.77 28.34 25.87 8.78 26.04 6.25
14.45 30.02 25.14 33.57 23.03 11.84 18.8 6.33 13.51
11.11 16.91 33.02 15.21 35.32 1.98 5.35 7.43 35.4
30.62 15.6 26.6 39.72 11.46 17.78 20.82 39.75 15.86 4.3
18.99 21.85 29.38 15.15 34.15 21.02 8.08 12.48 39.48
4.28 23.83 7.31 19.52 31.9 12.93 2.44 11.23 16.02 36.6 7.1 9.85 30.05
4.78 8.58 11.56 23.15 5.61 33.77 32.45 30.48 5.59 10.78 23.77
38.54 5.66 11.45 7.97 25.23 38.47 35.69 21.05 21.36 17.37 21.86
6.63 29.64 7.01 32.4 16.98 26.13 23.31 21.97 33.34 11.59 7.52 35.57 26.4
25.51 36.59 32.94 12.83 4.02 12.04 9.1 10.76 36.89 32.33 28.74
37.51 1.84 34.94 11.98 5.1 23.62 12.51 33.02 11.62
13.25 16.08 36.16 28.86 8.52 13.58 36.14 38.3
10.06 2.02 10.61 24.65 35.93 25.63 20.92 29.51
13.76 6.69 17.85 27.88 2.98 6.13 15.22 25.85 10.82 38.22 13.46 30.54 7.36
38.97 34.15 25.56 18.69 28.71 24.42 12.6 15.96
6.34 11.04 14.4 1.66 7.06 21.34 2.66 31.32 17.24
20.16 25.7 31.91 32.94 38.13 29.91 17.26 31.85
37.4 37.47 34.99 19.75 37.82 20.57 11.59 31.62 35.13
35.29 17.73 33.83 36.91 12.33 25.05 4.94 9.42 7.15
32.08 31.48 26.87 11.4 35.86 12.53 25.27 14.1 37.52 20.99 14.95 1.72
25.83 26.48 13.39 25.32 17.25 37.27 7.74 12.91 27.81 17.01 7.59
2.7 16.67 12.59 14.53 8.01 12.73 39.15 12.72 9.05
26.71 34.58 33.53 11.69 9.25 11.91 14.94 19.6 36.8 34.56 16.22 16.4 34.44
22.89 2.94 4.41 10.34 17.69 10.44 7.3 14.62 10.28
31.93 16.5 33.8 39.23 5.77 16.55 8.14 24.07 27.88 27.33 23.06 31.6 34.22
20.61 11.65 37.3 6.36 34.41 19.4 3.43 6.92 21.19 33.88 22.78 30.33 31.0
38.92 22.83 12.95 3.02 9.01 14.93 9.8 32.54
11.61 10.94 22.28 37.17 12.13 4.81 32.94 2.11 25.72 22.04
27.99 2.49 11.25 7.76 34.15 19.66 13.22 22.04 14.34
39.78 17.31 14.43 4.74 16.85 10.85 22.94 21.7 23.13 12.03 26.0
20.13 11.98 20.75 38.54 13.73 38.94 5.25 11.81 32.18 15.17 35.39
25.83 9.53 34.99 13.3 15.44 5.98 21.51 23.17 12.28
33.42 38.05 25.91 17.29 37.06 15.05 22.53 33.37 3.52 37.87 21.38 3.81
26.08 28.94 3.13 5.65 21.6 21.94 23.25 13.32 31.52 17.41 28.43
25.55 9.99 4.41 25.86 9.82 1.59 16.39 19.07 8.66 6.26 29.11 9.88
10.24 38.02 33.15 6.12 20.87 32.35 20.39 14.47
2.72 18.02 11.31 32.14 15.39 32.3 5.74 7.64
12.0 16.66 17.23 33.33 29.28 34.44 39.19 24.62
8.74 1.59 34.6 36.58 13.89 18.27 6.88 6.34 25.41 4.21 39.84 35.61 24.3
2.03 13.41 14.91 27.92 32.14 1.63 22.64 23.53 9.15
27.86 15.31 10.57 19.98 3.79 13.86 30.07 20.06 30.07 30.69 29.37 30.1 27.03
19.39 39.18 6.4 24.33 16.97 35.2 2.71 2.62 12.79 8.7 35.78 9.96 5.98
34.33 24.48 23.22 21.67 18.5 5.05 24.72 22.66 21.38
10.79 35.4 21.88 17.19 10.87 18.74 17.83 35.42 7.55 10.76 26.63 13.85 11.76
23.38 20.4 19.34 26.51 35.03 38.3 18.82 5.73
37.05 15.65 19.06 37.33 2.75 24.56 21.97 7.23 10.27 28.63 32.44 2.63
4.65 36.23 35.08 10.09 13.77 31.05 24.49 30.97 2.05 38.5 11.85 4.09 37.72
25.78 29.0 27.59 31.21 24.29 4.19 6.8 17.46 19.59 32.97 20.9
10.3 10.54 27.53 31.19 20.48 34.17 26.29 34.91 36.3 24.62 11.78
19.62 16.15 16.5 34.85 21.57 9.93 1.96 26.52 23.47 18.54
34.39 26.27 3.17 37.84 23.72 35.35 23.99 3.18 26.39 8.46 9.11
32.63 17.32 39.72 32.3 23.24 35.3 13.09 35.18 17.75 26.99 9.76 17.77 12.29
38.04 11.67 2.6 18.96 31.63 33.98 1.51 39.89 36.44 32.84
12.49 3.97 32.19 21.9 38.15 2.17 29.22 23.75 33.18 33.07 3.69
35.33 8.11 22.44 33.57 3.46 26.95 18.06 37.51 36.54 34.24 20.06 19.21
6.7 11.46 33.1 31.03 27.77 12.02 33.68 14.65 11.54 19.48 29.91 30.0
39.88 7.62 24.6 24.47 23.88 23.01 27.42 35.08 31.63 5.06 21.77 36.34
6.67 15.76 1.83 3.64 2.43 22.3 37.6 37.81 36.22 30.46 18.71
20.9 17.24 25.11 34.29 5.01 9.73 27.85 4.84 34.05
38.32 17.33 17.86 30.45 15.21 23.21 24.84 2.76 4.61 8.36
10.89 1.78 9.4 30.79 12.29 32.55 24.11 17.83 6.47 26.02 8.13
17.62 23.35 10.08 34.57 22.49 31.06 34.35 25.2 27.15
23.01 16.11 26.67 8.32 21.36 39.01 30.77 8.29 13.82 29.94 24.47 25.67 28.17
12.38 23.65 11.12 2.63 3.49 29.33 11.66 21.34 14.49 21.85 18.75 31.56 15.99
35.93 37.38 34.87 31.08 37.24 11.39 28.35 34.7 32.71 5.12 35.75
25.96 14.07 23.66 4.99 28.35 27.35 15.76 20.04
32.4 37.21 32.8 14.69 29.68 34.93 12.25 35.05
20.45 30.8 33.34 23.51 39.39 19.81 18.62 19.85 3.85 33.35 19.28 7.7 34.21
14.88 8.91 19.3 39.94 19.91 39.41 15.41 10.18 14.82 11.63
2.18 11.27 27.81 30.16 9.99 4.72 17.98 20.67 21.85 3.2 38.98
14.45 29.79 15.65 27.51 19.91 16.55 10.26 13.84 15.62 22.71 5.21 10.08 9.45
18.18 17.14 1.52 13.56 24.7 20.36 32.25 33.74 37.2 1.75 4.85
3.59 33.99 18.14 5.38 39.7 27.25 31.45 30.82 13.56
35.28 1.8 18.42 34.76 16.31 37.15 12.94 35.88 13.24 8.58 25.78 3.8 4.26
32.49 17.13 16.95 21.23 17.47 8.72 8.54 39.34 19.58 17.63 30.82 15.61 24.31
24.91 16.74 14.94 25.26 11.19 3.44 15.47 13.83 26.15 29.48 25.79 31.75
17.64 29.77 23.42 27.75 34.02 7.3 39.84 31.07 23.68 7.04 39.29
14.16 20.89 31.83 18.72 24.66 19.12 6.08 39.88 34.89
10.12 37.66 13.24 5.76 17.0 13.62 15.14 16.28 9.72 10.8
7.17 35.2 35.83 20.84 25.57 23.55 2.89 34.61 20.93 26.24 36.73
20.64 10.75 4.32 29.85 22.02 10.2 30.0 34.36 25.04 8.16 12.84 34.24
35.55 20.84 3.11 20.14 25.04 2.39 16.14 12.28
11.31 17.24 13.02 30.74 30.82 19.61 39.57 23.92 22.29 12.08 24.4
38.06 33.13 1.51 3.59 16.77 36.84 12.04 21.2 13.92 14.86 17.2 5.34 26.21
18.5 31.42 8.27 24.69 10.77 15.16 8.45 32.35 19.16 38.97 37.49 38.97
9.64 3.55 21.64 32.89 35.63 13.91 21.26 18.24
16.05 9.62 22.49 12.32 9.69 37.13 22.62 2.41 30.46 38.04 11.71 5.11
39.46 1.91 9.37 29.01 5.02 21.38 20.85 1.86 11.93 6.34
34.32 3.91 22.34 28.99 11.25 7.99 21.21 31.03 31.47 27.38 4.49 12.12 14.6
21.9 25.81 13.93 30.92 16.03 4.79 36.01 34.87 19.8 27.17 21.04
7.35 16.13 12.39 9.62 25.69 14.19 3.7 26.2 11.5 30.26 2.14
22.68 6.38 35.86 39.12 4.53 34.49 3.99 20.72 1.52
4.66 25.25 35.26 16.07 28.92 38.4 19.15 2.08 18.87
19.34 15.68 28.03 5.02 22.49 24.67 19.5 16.21 14.16 36.97
32.69 27.67 14.62 32.56 19.46 6.22 38.57 29.2 9.94 28.59
29.47 17.32 17.42 34.21 5.39 3.32 35.69 29.82 7.53 12.58 16.75
18.01 22.29 33.39 31.77 2.66 9.19 8.12 32.08 34.29
10.02 35.66 30.8 38.21 21.64 16.06 34.71 26.29 38.86 33.48
26.83 23.32 6.54 13.96 38.07 21.87 7.33 1.54
24.22 12.21 15.68 2.54 11.73 1.93 23.96 20.05 7.18 34.06 16.8 38.06
38.75 18.27 11.56 19.49 15.75 28.29 8.29 3.49 12.98 23.14 6.28 33.85 34.83
19.89 30.42 21.04 38.36 14.17 30.04 37.72 33.99 4.83 32.85 2.61 10.2 11.48
33.51 11.6 18.13 10.8 4.26 29.22 15.12 4.0 20.62 33.46 19.73 30.0
16.22 11.83 36.49 10.96 7.97 4.07 23.96 8.86 18.97
5.59 11.45 9.0 22.5 21.89 7.52 20.07 2.78 38.04 34.84
21.74 18.19 29.74 6.93 5.48 9.69 8.48 38.88 29.66 29.15 35.99 30.17
8.43 2.25 19.88 4.75 25.13 3.18 25.36 24.75 12.49 33.49 25.4 39.43 9.88
16.7 9.81 5.71 2.77 12.26 17.14 10.0 13.93 5.96
21.54 15.34 2.55 19.53 4.34 20.73 15.58 28.31 35.65
2.73 35.06 28.46 4.41 5.77 6.71 25.13 12.48 33.87 21.35 2.92
10.15 26.79 33.76 36.34 6.65 17.91 11.97 10.47 25.24 30.7 14.63 22.03
32.94 18.71 24.25 21.15 7.93 28.34 8.75 33.83 20.33 13.44 18.08
1.78 21.11 35.6 10.64 25.32 19.81 5.4 37.15 4.06 4.59 27.83
21.75 30.83 34.54 38.45 33.58 31.01 10.24 36.51 23.22
12.79 15.21 32.82 16.95 8.57 21.97 36.88 4.61 39.41
26.08 30.23 1.68 5.88 14.29 2.1 6.77 5.18 14.01 8.26 28.29
10.98 35.2 32.39 31.69 18.15 11.43 3.14 11.39
27.37 1.93 14.74 13.62 35.41 33.47 10.1 16.47 35.44 16.07
13.41 10.84 24.45 7.5 22.58 11.36 21.81 2.87
30.69 17.84 28.93 1.61 18.01 2.52 22.9 33.96 29.71 10.07 28.71 13.25 19.51
22.25 13.63 4.8 11.52 19.35 16.94 16.46 34.56 22.74 5.26 29.98 11.41 26.39
9.27 1.87 15.23 17.38 8.1 37.15 10.41 12.63
7.07 15.62 30.33 10.92 38.71 15.39 13.41 13.59 10.69 35.32 2.44 31.74 17.54
11.29 33.13 18.74 11.02 19.63 36.86 36.79 5.56 8.56 26.41 27.16 24.55 26.91
13.2 23.1 13.39 6.81 38.46 37.46 25.67 9.27 29.08 19.68 20.6 2.26 25.79
27.21 31.82 30.42 39.06 29.51 11.86 34.6 34.16 31.41 33.5 2.25
38.82 36.21 32.43 17.59 25.92 38.86 36.86 33.7 15.64 16.62 37.75 16.38 6.0
5.69 16.69 31.32 20.1 7.77 29.22 18.52 7.2 9.21 2.48 12.22 22.65
36.47 39.3 15.16 3.39 36.09 3.18 21.96 25.22 4.34 9.32 36.65 25.96 3.94
30.61 36.85 6.49 15.71 23.84 33.25 13.76 7.65 39.64 24.56 14.88 18.65 30.1
39.45 25.67 27.62 11.31 38.43 19.09 19.49 10.82 23.53
22.86 22.02 7.2 25.51 25.82 7.27 25.42 34.23 18.56 11.78
22.0 14.95 29.25 15.03 28.43 38.13 25.13 8.77 36.53 8.52 27.28 32.67
6.98 11.87 33.0 27.46 3.53 34.66 32.29 34.76 25.47 20.94 22.36 5.25 9.83
10.82 6.32 37.02 22.5 25.18 7.34 15.69 39.53 35.37 29.13 17.14
23.41 3.51 28.58 2.41 6.56 26.0 29.93 22.42 29.45 7.49 28.34 36.69 24.12
35.26 24.89 18.89 36.24 26.03 22.09 16.35 29.61 22.66 38.95 15.2 12.7
1.52 22.52 19.51 32.07 5.35 36.72 11.07 37.46
14.22 3.86 1.94 11.79 12.31 20.81 28.27 34.67 23.95 5.18
2.89 22.82 24.52 15.98 13.9 23.44 10.31 9.37 33.57 26.64 7.0 13.87
28.48 2.55 13.58 6.78 8.47 39.2 24.31 39.74
13.15 11.81 6.2 36.45 5.57 37.27 5.89 33.49 5.01 6.29
22.79 14.51 30.63 35.83 27.38 16.84 28.17 32.5 36.65 32.79 23.32
10.72 12.9 12.6 14.11 24.17 7.41 19.94 37.38
23.43 16.02 6.01 38.17 9.49 9.66 3.86 5.9 37.7 13.93 3.66 34.91
18.4 30.87 2.8 33.81 27.81 21.84 6.49 14.05 30.52 22.27 17.07
11.08 33.91 20.35 6.35 11.32 11.31 15.68 39.69 35.24 17.69 3.06
17.3 21.24 31.23 39.92 20.76 19.49 36.68 38.85 10.6
7.67 2.06 21.25 2.5 22.24 25.67 23.1 15.98
35.56 36.07 17.45 19.62 29.46 24.9 36.6 24.66 18.02 33.26
38.34 3.38 18.61 4.13 14.73 34.62 5.3 31.19 30.57 23.5 38.82 35.95
19.34 7.56 2.32 31.79 18.73 36.47 36.84 1.53 14.74
14.43 37.59 2.73 20.99 32.01 25.61 31.2 16.78
22.61 38.53 12.82 4.21 2.78 6.69 10.88 25.96 23.67 27.02
19.86 34.26 6.99 20.71 38.12 29.12 31.41 36.89 31.09 12.02 22.0 16.07
5.28 35.84 10.25 23.29 26.41 20.35 34.32 25.25 2.88 14.21 35.68
31.49 10.29 33.1 22.94 4.66 27.16 37.4 5.71 3.11 21.64 9.29
6.9 10.83 4.67 30.03 34.39 3.91 16.92 17.11 33.19
4.99 27.61 28.16 19.07 29.79 14.77 19.47 27.63 33.81 38.9
38.84 9.99 7.92 16.61 13.44 34.05 16.31 39.16
26.31 23.02 25.0 6.63 18.39 7.26 7.52 5.88 34.73 26.44 27.39 12.38 10.5