39.01 36.26 12.73 16.79 39.26 32.08 22.16 9.95 7.01 14.39
30.97 36.88 15.69 36.1 20.39 3.86 19.16 35.27 3.78 26.72 39.55 20.72 29.06
7.93 14.11 13.11 11.3 10.65 39.47 14.98 17.11
16.23 38.75 1.91 12.81 22.87 4.21 15.37 27.35 37.42 36.04
14.75 1.97 27.5 4.16 28.3 33.0 8.22 17.51 17.36 18.02 38.46
17.63 2.34 3.66 16.52 24.01 11.94 5.41 15.34
4.99 17.67 36.22 29.25 7.35 23.07 7.11 34.78 9.31
22.81 12.2 33.67 3.18 7.39 21.83 34.54 33.39 2.55 27.65 34.69 37.09 25.62
24.31 35.77 12.79 36.75 4.71 27.95 0.57 10.52 15.9 38.87
19.15 24.26 4.97 24.39 5.58 32.0 39.5 28.46 25.15 35.14 6.03 14.28
18.87 3.97 15.52 29.54 13.19 15.21 8.71 1.4 19.91 39.7 17.54
29.22 32.27 25.75 27.85 20.65 11.52 3.03 29.41 28.83 18.43 7.41
12.57 24.44 23.92 0.97 9.28 10.27 18.23 2.44 35.84
37.82 10.29 7.69 29.5 30.72 37.98 0.57 8.24 28.44 13.42 19.25 21.69
11.96 20.67 32.68 29.26 13.73 14.1 24.89 21.89 32.68 37.02 28.54
35.95 20.84 13.25 3.58 35.65 24.44 9.26 15.98 26.28 30.54 17.06
14.31 38.36 8.97 15.5 28.29 26.31 14.03 36.32 34.07 20.99
16.95 2.77 21.24 8.11 23.51 4.8 23.22 37.07
7.09 24.94 37.05 38.11 32.53 1.57 14.38 26.91 32.02 4.59 30.07 1.74 37.13
11.74 5.3 36.7 4.24 36.26 33.33 15.75 28.76 32.42 28.86 31.42
8.32 35.6 27.17 24.63 11.02 24.31 22.97 15.32 9.38 9.8 2.16
3.68 1.93 16.57 29.78 29.43 28.11 35.06 17.05
8.71 5.5 21.03 19.83 37.34 15.69 30.1 17.26 19.2 9.94
39.27 18.89 24.75 27.26 16.82 20.7 4.75 18.24 2.03
37.61 15.42 36.53 37.03 25.6 23.57 21.94 8.6
35.67 25.81 19.98 26.48 2.52 1.97 39.98 37.34 17.48
29.49 37.66 5.76 1.98 15.46 10.28 34.96 30.86 19.54 4.0 34.11 1.62
37.77 18.49 6.58 31.36 18.19 36.4 4.5 4.53 8.31
27.3 29.14 27.28 15.6 5.08 9.45 32.7 6.35 29.16
39.26 28.25 2.54 37.49 25.64 31.64 3.43 27.01 14.3 10.91
32.79 38.0 11.36 15.24 15.37 14.62 30.79 14.64 22.64 9.92 32.67 25.01
5.81 2.24 11.05 33.13 13.51 28.41 11.48 1.27 39.16 28.26 38.31 22.81 39.79
18.47 13.11 7.92 14.58 10.79 2.1 21.21 29.25 17.5 11.38
38.64 22.76 22.12 13.52 35.13 19.9 27.24 4.98 26.58 14.58 11.49 23.1 29.47
13.45 36.93 17.56 29.9 36.23 7.86 12.05 25.71
38.64 38.27 19.67 3.56 12.07 39.64 31.29 20.8 36.13 8.65 15.64 8.11
32.42 16.79 25.52 8.81 5.36 15.91 7.15 17.07 17.72
32.12 37.34 21.85 25.54 26.47 6.44 13.58 25.11 37.55 6.37 22.77
39.49 28.78 28.22 12.85 20.73 30.97 35.67 20.15
37.88 24.64 12.69 32.54 20.27 26.08 10.35 18.7
26.46 4.49 31.89 30.19 24.47 0.58 19.7 9.16 20.44 4.23 19.3
31.38 18.78 4.4 5.9 34.39 11.67 28.79 37.47 30.99 31.24 36.37
38.42 29.32 32.85 7.11 38.96 37.69 27.5 18.76 12.21 11.22 3.6 12.18
23.29 6.51 6.16 28.17 33.95 5.7 7.53 32.99 13.13 7.58 7.1 11.06 11.04
11.55 6.05 26.42 29.79 25.71 7.41 29.54 7.77
5.73 32.38 18.55 31.72 10.37 6.73 35.74 33.33 1.58 19.1 26.94 6.67 36.75
19.1 25.93 39.6 39.35 24.17 32.16 14.54 31.26 20.84 2.44
2.96 37.8 23.79 13.35 19.65 24.57 28.99 4.83 17.36 22.43
12.03 22.92 28.74 17.26 15.01 23.18 21.17 31.03 29.16
9.56 24.45 14.88 6.42 16.04 9.1 31.22 38.99 26.53 34.9 32.68 31.56 2.39
16.01 26.52 35.7 21.06 29.5 9.68 32.0 4.4 22.54 1.62 9.65 5.21 11.82
18.54 16.29 19.2 19.26 4.88 5.37 17.93 6.81 3.07 23.78 38.46
34.1 37.45 4.47 15.16 11.99 22.37 29.96 19.23 8.67 17.77 9.19 33.5 37.41
38.72 17.19 20.58 16.24 10.35 37.9 25.73 26.47 27.92 32.09
19.3 11.49 26.08 15.34 23.4 4.51 6.37 13.12 38.52 29.93 30.92
39.28 32.59 7.61 0.68 11.47 11.93 33.78 38.94 14.74 12.43 20.3
19.86 7.05 26.96 28.89 3.72 29.26 23.19 6.48 1.98 16.12 32.45
24.59 9.79 30.08 29.17 11.59 25.1 4.76 4.46
38.76 15.19 37.55 27.34 28.81 13.4 9.26 6.73
8.88 25.96 9.71 2.76 32.95 38.04 37.37 34.55 25.48 35.77 30.62
2.59 36.05 8.81 19.65 21.95 28.96 25.4 5.68
19.06 13.1 13.17 1.83 5.56 11.74 22.34 23.52 19.0
11.14 39.22 12.02 8.12 33.44 12.86 7.82 23.18 26.55 25.58 7.51 15.38
11.69 15.48 26.76 25.87 27.21 20.1 6.63 39.54 22.03
8.75 30.65 2.51 22.89 18.67 29.58 15.69 16.49 5.73
26.94 10.15 17.98 5.66 36.89 36.98 25.13 26.66
20.04 5.58 30.27 7.54 18.02 12.5 31.48 15.73
32.98 21.35 6.71 8.12 11.59 21.1 1.07 33.35 28.17 12.57 10.17
4.15 39.41 6.2 27.45 39.53 21.63 22.06 5.38
34.6 15.48 1.22 18.17 27.54 25.93 17.27 23.61 7.32 1.04 31.66 15.61
33.11 18.65 4.97 7.45 25.01 30.41 24.46 34.09 24.38
7.79 39.86 23.28 23.98 5.7 37.76 35.34 22.7
29.01 38.79 33.65 36.65 39.56 25.09 4.47 38.56 2.49 11.07 23.99 25.04
29.0 3.13 34.14 31.02 13.13 39.88 2.81 11.24
4.33 11.98 29.18 9.01 22.82 4.18 32.38 4.18 11.51 9.55 24.81
31.62 28.7 3.22 0.59 24.52 4.08 35.5 31.14 3.56 20.93 19.09
4.46 11.93 8.13 23.19 15.51 22.95 15.78 35.3 33.48 12.23 14.94
10.46 1.53 7.41 19.13 25.44 34.44 34.99 23.14 28.33 37.16
8.64 8.77 31.0 8.03 19.75 2.67 18.15 5.77 2.8 3.87 32.65
5.98 16.84 8.58 2.29 34.49 16.32 3.13 11.5
28.29 36.09 38.38 0.75 23.14 21.43 34.14 32.94 9.54 31.87
13.92 33.53 36.33 17.71 3.85 12.29 28.87 21.48 32.81 4.58
26.84 5.76 3.88 30.12 17.86 1.02 33.95 7.5
39.07 9.09 38.58 12.32 32.39 38.39 7.55 5.64 8.76 34.45 35.42 30.04
2.48 30.33 11.9 21.58 1.35 16.2 8.98 28.73 10.16
28.68 19.22 23.77 39.02 23.16 31.59 8.51 14.51 8.48
8.94 15.47 13.32 12.95 36.58 38.81 20.9 19.26 17.34 26.82
7.94 27.25 17.52 6.71 25.08 16.08 30.9 38.9 9.03 27.56 4.11
28.18 38.27 22.2 15.08 13.51 19.46 8.23 33.35 3.89 12.61 14.64 6.78 2.63
24.19 26.66 38.63 14.83 5.98 21.03 14.6 5.71 5.12 38.47 9.84 13.12
8.06 30.74 30.08 22.54 36.64 15.34 25.75 32.17 7.28
35.21 7.15 7.76 17.93 35.58 18.74 32.49 4.13 21.61 13.32 25.82
15.31 17.47 22.41 24.64 15.7 37.95 25.06 30.24 3.95 19.7
17.89 13.57 13.23 30.08 19.68 39.26 7.63 31.53
24.45 20.81 8.42 28.67 3.54 33.85 36.38 39.28 22.86 31.0 32.34 30.04
36.53 7.83 21.46 1.75 5.17 6.73 8.12 33.03
18.61 34.84 28.93 11.14 1.16 32.41 30.06 20.85 3.87 17.55
5.32 29.32 33.51 13.47 14.87 4.13 3.7 16.96 8.45 19.61 12.12 3.45
9.71 8.21 37.25 29.08 25.12 10.45 3.95 27.19
37.66 25.97 8.26 7.11 3.23 16.24 5.0 17.06 35.7 4.4 16.7 28.98 2.23
29.5 25.76 5.98 20.04 11.27 27.3 32.47 24.86 31.41
24.46 5.96 22.12 17.75 11.56 23.16 4.06 34.38 9.16 39.49 27.36 6.02 29.65
25.88 36.18 20.21 23.63 33.88 29.49 14.82 1.17 21.11 18.29 22.86
5.92 27.88 12.75 27.0 25.57 19.03 15.63 1.35 39.71 18.83 13.93 6.81
15.62 10.98 5.77 2.72 37.45 3.87 10.14 19.9 14.21 25.07 20.43 14.68
32.66 24.05 36.22 25.95 2.17 20.2 11.49 36.31 4.62
8.7 38.34 34.64 12.49 7.16 25.64 8.03 27.69 14.78 17.1 37.78
8.57 32.67 31.83 18.09 35.9 36.56 12.48 31.31 35.43
23.18 32.55 25.65 0.94 29.92 31.96 5.82 2.16 11.69 23.75 37.61 37.18
25.98 29.51 27.31 3.5 10.42 25.08 32.4 1.42 8.99 9.05
24.82 37.41 12.16 23.76 22.92 19.18 6.67 7.93 29.03 32.82 39.25 28.12
26.9 1.79 19.58 19.58 14.63 8.87 2.01 13.06 35.28 28.72
23.48 13.6 2.97 24.79 24.88 37.44 32.22 2.62 13.4 14.02 20.68
31.14 4.93 11.53 36.87 24.18 26.97 28.42 9.49 23.16 15.23 35.5 36.02 22.88
2.8 3.84 10.25 9.93 7.64 25.5 15.51 21.73 25.25 21.6 3.33 22.59
13.96 26.58 27.97 21.55 15.88 8.07 10.48 8.6 12.2 15.63 16.94
13.78 9.28 3.01 28.5 25.48 3.52 1.05 32.87 4.14 14.17 23.39
32.67 6.11 24.33 20.21 11.78 5.63 30.5 9.13 0.51 35.92 15.7 22.45 22.71
37.95 34.33 27.54 12.69 26.81 13.44 28.64 30.9 29.19 26.86 33.05 8.08 37.84
25.87 23.25 22.79 1.66 21.37 14.78 36.73 5.37 19.5 15.04 1.88 38.75 8.02
6.15 18.93 39.83 20.32 23.79 33.88 10.99 1.99 24.14
27.78 18.5 20.72 31.49 19.58 17.31 18.71 28.94 39.17 5.36
14.63 9.89 33.57 28.46 1.91 13.63 1.13 18.66 29.27 5.93 35.24 12.64
31.07 30.68 39.84 11.25 5.3 19.4 1.92 27.64
33.84 12.76 24.87 32.98 29.96 25.9 35.14 16.45 6.83 12.34 22.22 17.99 18.83
18.17 9.05 3.99 20.19 24.1 36.57 16.32 15.19
35.79 27.12 37.69 15.03 8.4 37.56 12.63 28.48 39.51 6.78 39.28 20.92
35.46 37.86 18.87 32.98 3.97 35.6 15.24 10.23
20.77 3.05 24.88 2.28 37.66 8.02 24.93 22.75 32.46 31.62 19.39 34.74
37.3 32.16 20.34 27.29 16.67 16.86 15.32 29.59
7.95 16.2 16.2 6.84 36.02 6.58 39.61 4.87 23.93 21.29 19.55 23.65 28.97
18.87 38.15 26.2 24.64 14.03 26.62 37.22 32.62 16.87
28.25 36.81 17.56 15.16 28.44 11.2 24.6 39.34 36.13 37.3 4.35
17.82 12.08 3.6 29.17 33.74 38.33 3.34 23.57
35.63 18.49 22.81 33.69 28.72 12.08 17.16 22.69 31.33
7.35 6.83 14.86 31.94 9.2 39.08 39.99 4.47 17.02 30.75 3.23
20.26 32.33 23.84 23.55 9.4 7.05 36.0 14.29 5.21 18.06
6.98 24.65 20.71 14.59 5.35 35.38 26.38 7.25 6.72
17.84 15.84 3.24 28.35 31.29 36.46 3.29 20.0 33.8 2.84 39.34 12.22 25.68
25.66 37.87 27.9 8.36 28.93 33.8 31.54 29.33 12.18 39.05
37.32 10.95 12.77 5.94 36.42 35.35 1.22 9.3 21.67
11.6 37.13 4.0 25.81 5.52 6.04 2.9 22.5 30.71
28.7 33.34 21.84 11.91 28.85 14.11 35.84 12.01 24.35 27.27 27.22 31.62
15.47 11.52 14.2 19.3 27.53 29.61 18.82 17.59 14.8
8.68 23.89 4.28 21.05 23.79 19.7 3.79 3.91 38.77 3.62 2.0
20.58 9.46 2.16 3.3 24.44 14.15 12.63 36.44 36.37 31.14 22.86
7.46 13.2 33.37 21.49 38.56 37.31 1.5 12.18
3.45 37.11 33.1 36.67 17.57 22.56 36.57 13.59 8.71 5.02 21.84 10.03 16.52
18.4 3.21 13.72 32.45 3.27 24.63 15.95 10.31 34.89 28.56 9.26 16.59
30.64 22.8 19.4 30.01 38.17 14.86 27.92 17.12 32.45 23.79 12.02
12.75 16.14 28.04 28.55 3.47 17.69 2.92 37.4
22.95 10.28 20.58 1.19 3.98 34.33 27.95 13.11 27.36 12.32 31.84 26.48 15.16
38.38 8.5 12.12 30.58 6.89 1.71 13.32 35.44
21.93 25.07 26.42 25.05 37.64 8.97 25.27 7.68 11.73 11.9 32.56 33.53 19.49
26.0 4.66 7.12 19.35 33.39 5.95 38.73 13.05 26.12
19.9 14.6 9.6 23.68 19.06 16.29 14.5 14.62
19.53 11.86 10.78 3.3 4.43 1.21 31.2 19.72 29.91 12.16 23.79 38.28 31.18
7.71 28.27 3.71 34.96 37.63 28.24 21.55 8.74 25.02 11.32 4.3
27.33 18.99 19.56 23.56 27.54 6.97 21.66 8.83 3.38
6.72 5.62 27.57 15.96 22.81 27.06 26.68 27.43
6.07 27.56 2.0 38.07 28.71 33.05 11.05 10.84 17.45 20.98
31.4 18.5 18.38 33.78 39.45 7.87 3.12 28.98 32.88 18.7 34.05
6.7 24.16 34.99 36.41 12.26 30.63 10.28 15.25 22.17 5.78 25.53 31.18 6.93
11.93 15.26 13.53 14.72 12.74 5.29 36.29 19.82 6.67 25.53 37.96 28.74
9.61 27.83 14.77 31.42 10.88 12.91 3.48 26.73 9.11
18.32 26.36 39.03 8.59 1.06 15.15 33.84 14.69 39.9 30.98 6.02
18.95 30.88 35.34 21.91 23.73 9.88 9.43 18.37 12.66 18.08 24.48
11.82 24.33 28.41 12.93 8.73 24.13 6.41 9.23 28.34 8.36
26.33 10.83 30.58 35.47 23.78 2.31 11.37 35.64
38.88 4.57 7.26 26.68 21.08 25.69 24.32 34.76 10.87 38.24 20.73 10.4
37.07 7.14 6.79 29.73 34.96 11.08 9.87 4.13 37.39
33.18 39.02 34.86 34.85 21.46 28.83 26.0 12.36 37.62
38.33 27.25 11.53 27.9 26.74 33.62 18.23 10.62
18.66 17.6 32.01 2.18 14.54 39.82 20.48 25.04 10.33
26.78 38.39 28.22 12.25 10.14 22.31 21.15 20.38 39.71 25.39 27.24 22.74 33.03
38.39 39.58 9.36 14.34 21.96 32.67 19.58 17.89 3.48 34.0 29.53
2.44 30.17 26.21 36.94 23.6 6.13 30.39 38.75 34.03 36.33 25.23 17.39 20.3
21.83 19.77 37.18 27.58 25.72 8.43 2.06 20.42 7.16 28.96 21.56 35.37 29.98
25.41 6.81 39.49 30.18 9.52 24.13 37.46 5.97 7.11
15.74 39.69 14.91 27.38 17.99 27.01 12.42 4.31 23.02 8.3
12.59 3.13 14.69 14.93 39.7 16.29 20.22 22.72 1.59 8.67
38.95 29.59 9.37 31.55 1.83 37.22 18.62 7.36 3.23 17.72 35.62 16.55
23.37 1.95 36.79 17.91 28.04 20.61 20.07 21.45
25.41 29.88 27.5 31.3 10.6 25.48 13.09 31.88 11.37 39.1 37.79 21.44
15.81 13.68 8.64 37.23 24.96 13.31 18.18 29.12 25.35 19.51 20.14
4.32 2.57 9.54 12.56 6.17 9.87 7.37 1.34 7.39 18.52 33.44 15.51
16.31 8.73 17.76 4.03 36.23 2.68 7.6 36.33 38.52 33.52 10.62
5.18 36.09 8.46 29.98 26.9 13.86 13.64 33.36 39.12 12.83
18.65 20.65 13.34 32.4 5.19 12.55 23.87 25.31 38.49 20.92
15.39 28.43 21.65 33.37 7.65 29.37 4.71 12.06
19.08 5.58 23.95 15.89 29.34 20.15 10.67 22.54
13.54 21.01 5.05 7.32 9.48 6.33 37.56 2.61
33.63 31.88 10.22 34.89 22.45 22.87 23.93 16.6
28.77 3.23 3.94 34.33 25.16 6.15 11.0 31.76 24.21 37.05 17.57
30.12 25.88 37.06 15.12 15.91 7.89 29.14 13.84 39.55 38.58 6.14
39.01 39.91 27.4 10.64 11.13 11.52 1.06 16.25 23.0 26.59 23.78
37.15 18.06 9.11 9.12 33.24 37.75 33.64 8.54 12.69 2.02 10.64 2.31 2.03
25.61 32.35 8.69 19.82 30.58 12.39 2.31 8.06 18.51 31.38 6.17 19.37 3.66
20.94 38.16 14.4 24.18 13.49 18.25 9.47 34.06 26.04
32.72 20.74 21.51 21.74 32.98 37.36 18.7 32.53 10.29 10.31 19.52 25.19 8.38
10.32 19.57 0.63 24.11 14.16 18.29 13.08 11.16
2.23 34.95 34.37 23.65 30.92 15.45 21.42 16.08 20.04 23.85
34.69 37.75 24.67 25.81 4.38 0.93 11.98 28.97 25.51 39.92 22.89 7.63 8.7
2.29 16.7 14.87 13.0 19.38 27.1 15.29 30.14 8.18
10.58 12.13 1.16 17.63 25.63 35.58 16.93 4.98 39.41
15.83 28.51 24.19 20.99 19.1 2.89 8.32 17.27 39.05 1.64 34.95 17.9 12.59
28.02 3.76 21.82 6.06 30.99 31.22 2.1 20.27 7.26 4.61
33.24 7.06 36.74 31.94 8.1 37.09 8.4 35.46 8.73
2.29 35.06 22.89 19.04 32.46 30.89 5.9 5.1 27.75
2.85 14.57 7.67 19.16 20.34 38.35 6.58 4.24 24.41 20.74
8.23 22.57 14.54 18.29 15.69 30.61 31.19 1.79 23.49 29.48
9.88 24.25 18.99 37.09 12.11 32.66 31.41 4.42 33.2 1.69 19.59 2.7 22.24
12.88 15.2 15.63 4.16 39.54 15.88 14.37 6.47 28.41 28.64 23.14 8.28 15.96
20.55 24.87 33.86 17.67 4.25 39.45 0.63 2.49 5.33 22.98 22.76
19.89 32.05 5.97 8.63 14.42 15.71 20.51 25.45 26.68
28.42 34.61 26.65 22.51 29.29 33.31 4.24 36.65 24.37 37.35
33.8 17.57 12.75 34.88 26.35 15.75 8.77 34.66 38.3
11.96 20.97 11.24 7.9 21.29 34.93 35.03 24.33 11.45 35.62 10.7 25.35
36.01 25.14 25.4 30.04 3.32 9.1 39.79 28.27 30.01 16.99 1.24 27.37 14.62
22.08 17.98 36.37 35.19 8.31 5.54 30.76 25.56
9.91 21.49 34.99 16.83 22.25 33.11 19.44 19.29 39.7 23.04
31.44 3.83 26.41 4.22 39.93 28.76 31.13 33.4 23.07 26.99
29.92 9.73 33.24 12.33 13.66 13.84 4.73 39.3 37.05 39.66 20.83
28.57 26.32 14.29 7.63 11.26 30.2 3.31 11.26
37.18 13.16 17.03 12.88 13.69 30.05 9.94 20.23 37.28 28.21 14.93 21.17
16.02 29.52 16.17 4.44 5.19 0.99 14.35 15.24 5.2 29.13 9.76
4.12 27.95 24.64 31.3 16.85 14.26 34.9 38.66 33.03
2.18 5.38 16.07 14.31 28.18 5.8 9.94 23.84 13.32
15.36 24.03 35.28 37.51 35.96 14.95 30.43 15.88 39.51 20.4 35.22 30.08
14.52 13.25 30.66 4.89 8.95 17.27 15.79 35.15 11.73
18.56 37.27 13.02 38.0 16.84 22.51 32.19 27.09 3.6 8.09 14.05 38.29
2.33 26.24 24.1 9.52 23.32 17.83 19.85 8.42 3.02 10.58 32.89 13.65
2.38 30.99 29.28 26.17 8.29 29.06 32.06 25.23 36.66
17.39 6.04 33.25 31.02 28.45 4.85 8.84 10.62 36.61
14.49 2.51 7.33 18.64 35.16 16.98 6.18 30.31 39.81 17.16 14.65 30.19 25.7
19.7 11.63 36.9 8.31 8.57 10.52 37.25 1.91 17.63 18.53 39.72 31.87
10.79 23.23 27.93 20.47 14.41 6.61 15.13 4.46 38.54
26.36 33.04 26.9 37.63 18.1 3.76 10.16 8.81 2.92 34.98 8.08
24.18 11.16 16.3 2.67 19.59 25.38 18.79 9.39 19.39 19.0 10.6 11.65
17.78 38.21 8.69 6.17 22.56 33.75 5.1 36.75 2.82
38.23 4.61 32.0 38.65 10.79 26.36 39.09 4.73 23.25 26.76 25.11 37.51 10.62
21.1 7.36 14.87 28.62 9.08 14.05 22.13 19.21 25.96 32.34 9.37
32.32 19.14 12.87 8.47 26.96 33.41 39.32 15.82 9.34
28.31 20.52 5.11 27.24 38.15 2.0 23.35 5.87 3.26 28.37 39.33
29.29 21.55 9.7 14.49 4.36 11.76 15.24 11.66
2.37 21.22 0.75 31.3 27.07 17.5 21.05 15.9
17.09 22.1 29.36 20.69 9.41 25.46 1.59 14.78 36.26 6.72 5.47
38.15 31.0 7.11 12.86 8.27 1.66 20.84 31.85 32.65
37.1 30.39 2.41 27.98 27.56 29.78 20.88 5.09
5.55 17.24 12.84 4.1 37.19 12.3 26.15 6.1 23.49 18.25 4.13 36.68 18.68
14.8 27.5 29.37 7.66 15.77 3.25 16.87 15.48
19.19 16.03 34.81 25.84 14.19 38.91 26.84 3.81 24.56 8.47 38.82
26.32 19.93 18.63 36.79 3.11 32.4 7.91 27.02 28.04
30.6 37.12 33.03 27.04 5.41 31.82 10.84 6.46 21.71 8.75 27.63 30.37
36.9 31.65 13.88 37.29 7.16 27.21 13.53 8.6 21.41 15.37 7.38 35.39
11.55 30.2 8.2 13.83 25.44 18.53 1.83 11.47 17.51 29.03 15.76 29.12
33.23 30.07 26.3 11.04 16.95 32.3 9.9 32.52 33.37 8.0 13.69
37.96 4.48 20.39 32.33 21.4 19.72 4.91 27.96
26.76 18.04 24.23 25.45 26.8 14.7 31.9 34.57 31.93 14.2
37.1 13.27 29.2 18.38 17.88 3.77 20.73 19.61 30.37
1.77 36.34 37.16 39.46 39.64 13.64 22.48 7.0 20.15 30.72 32.03
5.21 30.67 18.54 4.1 6.51 10.03 13.32 25.9 11.05 37.46
14.99 7.34 18.28 6.6 0.65 28.22 3.53 8.75 34.14
12.08 12.93 22.23 17.82 38.08 6.73 4.65 25.79 39.35 20.43
27.37 19.9 18.59 24.06 34.9 35.69 30.27 28.8 13.59 14.65
19.45 27.63 29.5 11.44 4.68 23.47 21.38 3.21 3.8 24.36 36.71
17.26 23.45 25.19 39.07 3.71 2.79 16.42 12.14 18.57 4.03 23.23 6.47 4.12
14.43 32.72 21.08 27.75 18.92 26.95 1.48 25.91 38.89 14.55 16.8
14.73 9.16 10.22 13.62 26.4 26.15 26.55 12.6 35.62 20.79
4.58 38.51 27.03 20.28 34.56 18.58 5.36 29.04 3.31
8.33 31.4 16.42 1.19 5.36 3.4 38.75 13.9 13.53 36.47 13.96
18.76 21.11 20.49 33.78 9.13 34.02 36.7 4.03
10.52 13.24 23.59 10.84 7.66 16.36 11.12 36.4 27.65 37.16 7.13
17.9 38.96 23.72 30.49 2.02 0.85 37.54 35.49
12.05 38.63 33.95 18.67 29.12 33.19 33.75 12.01
35.42 33.13 17.79 39.62 38.33 12.13 39.09 29.75 24.96 36.85 3.3
3.71 6.38 18.44 35.84 37.87 35.27 2.66 28.01
12.81 29.43 32.57 37.84 35.61 20.99 37.59 34.94 28.98 24.5 11.43
19.07 34.79 9.59 11.39 20.4 16.51 36.31 32.1 39.9 19.59 31.21
21.95 10.08 29.67 35.85 2.01 32.81 34.05 36.1 11.4 9.23
19.42 35.31 12.22 25.95 25.74 27.19 6.26 13.53 6.65 36.21
6.39 23.18 8.65 34.54 35.32 38.82 24.6 39.12
20.89 9.49 1.78 8.09 18.89 33.92 6.03 29.42 6.57
4.42 39.45 17.67 26.94 14.56 7.24 7.42 35.05
15.72 37.67 24.89 15.61 21.07 14.98 22.46 10.76 32.8 17.54 36.8 15.91
17.09 32.73 4.31 23.53 39.88 23.37 18.02 33.55 37.67 13.99 25.52 3.22 17.14
35.76 9.46 36.4 30.14 9.63 36.22 34.21 20.47 22.41 30.8 17.7 37.84 19.09
2.3 11.61 18.37 38.76 9.79 26.65 26.74 1.5 10.68 19.81
22.32 14.98 12.48 27.27 33.84 31.98 18.66 5.27 34.67 19.13 32.32 19.25
32.9 37.65 3.47 31.05 25.63 29.16 35.72 20.4 33.94 36.34 4.63
2.91 21.96 5.18 25.43 22.16 35.56 34.58 3.52 18.72 20.49 28.21 36.42 5.57
20.55 26.2 36.57 6.16 7.25 19.73 2.89 16.72 29.95 26.22 35.41 23.9
13.99 31.73 13.95 19.12 9.07 7.8 12.91 9.05 15.74
16.88 7.4 15.69 20.28 3.06 25.15 37.28 13.35 34.93 7.03 2.75 16.83 29.94
18.72 19.5 25.17 18.99 38.39 6.96 22.57 5.2 27.74
38.3 36.33 28.02 38.33 20.64 39.48 35.31 19.33 20.33 15.2 14.93 10.1 5.39
23.57 28.28 13.74 9.4 38.08 17.15 21.6 29.84 18.41 12.98
32.64 34.27 23.12 17.3 34.96 23.99 30.56 2.93 12.7
28.42 8.14 29.83 39.67 14.17 14.06 9.28 33.86 34.77
30.74 5.12 3.63 3.47 11.05 0.78 35.63 19.57 35.55
8.91 3.72 39.09 35.09 22.15 8.61 29.2 32.31 10.97
24.78 31.25 27.65 38.13 19.89 18.31 29.82 2.37
34.07 20.23 25.51 14.34 39.34 5.57 1.27 15.96 19.06 32.73 13.37
37.21 6.53 23.14 18.44 20.71 22.69 30.3 8.04 16.1 13.53 10.26 22.55
5.36 31.56 29.05 9.67 22.55 21.42 30.08 21.52 2.5 23.49 27.33
32.65 33.46 20.63 23.45 28.29 36.21 20.33 4.44 10.0 27.0 27.3 19.78 14.18
39.31 19.83 6.11 30.97 9.67 24.41 28.72 28.64 10.36
12.31 9.95 3.49 7.71 1.62 0.89 8.23 29.41 19.32 12.0
28.41 33.97 2.35 39.96 21.02 36.94 5.15 23.99 15.37 13.7
1.68 27.22 12.74 5.64 36.63 17.31 14.53 23.29 23.15 37.63
2.46 32.09 9.51 34.68 25.28 32.71 27.43 17.3 13.15 17.81 20.85 17.11 16.15
33.8 39.9 14.66 36.69 29.71 12.57 33.63 20.47 14.59 19.39 38.41
31.9 32.51 6.76 15.53 30.49 28.76 22.59 9.13 8.11 14.52
6.41 25.36 33.63 28.86 13.66 24.26 30.53 37.92 6.04 22.48 25.98 15.02 23.59
29.45 11.16 6.46 14.5 19.81 2.48 27.55 25.89 26.07 10.47 7.84 28.7 32.74
27.89 34.81 23.95 13.9 33.45 21.07 9.94 17.28
29.15 13.83 22.65 5.73 12.25 32.45 25.3 15.55 34.38 11.37 35.18
10.28 15.0 12.41 29.68 5.32 9.28 32.24 31.75 9.7 33.82 1.83 38.92 23.49
27.55 6.56 20.85 10.36 23.7 37.76 33.76 5.18 21.05 13.52
28.83 20.69 30.72 34.36 6.63 36.41 32.01 38.28 3.82 33.21 12.03
10.07 36.16 10.1 36.18 23.21 8.52 28.74 18.44 21.83 3.79 17.51 11.25 35.82
4.51 29.83 11.7 27.23 34.7 31.92 34.28 28.4 30.22 39.17 11.45 24.52 20.54
36.64 22.68 25.67 36.56 29.09 24.09 36.91 37.27 17.77 9.06 24.21
21.15 12.13 32.32 37.42 1.35 37.62 33.87 19.18 37.75 4.86 22.21 7.73
35.4 34.85 11.66 3.78 19.08 7.72 18.39 38.78 34.07 28.11 9.31 21.96 30.1
20.35 8.99 27.11 13.41 34.0 3.07 4.59 16.49 11.39 7.39
9.57 23.93 2.17 9.86 36.73 1.82 2.45 24.56 39.0 34.72 11.67
26.96 38.3 19.25 24.84 3.01 34.93 20.48 34.46 38.04
13.96 11.22 6.49 31.72 32.99 30.99 2.75 7.94 34.82
38.63 15.49 24.47 38.88 1.07 16.52 28.29 14.3 3.53 34.01 35.6
19.9 34.67 18.14 16.34 15.13 32.61 0.83 25.97 38.13 25.42
36.95 38.18 15.86 21.95 32.08 20.5 31.03 14.18 3.87
23.21 14.44 25.91 9.54 31.55 39.43 9.51 24.35 16.28 23.97
34.24 16.51 17.91 0.93 18.65 13.3 22.28 23.9
35.42 15.16 31.63 10.98 0.77 6.64 6.63 17.47
31.47 14.34 36.66 13.1 31.37 10.09 22.31 4.27 8.23 24.17
16.27 34.64 23.96 31.01 26.72 21.25 23.08 28.51 13.32 11.77 34.2
34.29 29.42 11.95 13.42 14.75 34.06 24.14 11.86 39.65
12.59 16.49 33.05 27.33 9.1 5.9 4.85 36.8
34.07 5.37 14.04 39.46 20.66 21.14 39.3 7.7 22.5 1.99 8.54 12.57
12.89 23.26 24.67 8.32 22.09 16.31 2.39 8.5 21.0 6.37 29.04
29.14 10.76 12.04 7.46 12.35 6.59 29.89 38.66 3.47 31.89 11.0
12.0 7.82 26.04 38.52 25.52 39.69 21.87 18.5
31.87 2.68 6.14 38.88 19.28 17.14 4.03 2.26 2.98 6.09 15.96 24.74 19.15
11.11 34.78 39.41 12.14 24.19 9.64 18.97 17.61 19.05
38.29 37.22 33.32 10.88 37.78 38.19 38.2 27.92 21.58 8.2 22.3 39.55 32.89
37.62 26.92 8.55 22.43 9.16 34.84 9.17 4.76 32.46 3.12 27.73 7.95
4.77 14.07 34.55 19.73 37.09 34.17 15.66 8.96
13.41 7.43 24.02 27.32 10.03 27.02 26.58 26.21 39.21 14.9
31.73 34.46 8.51 15.76 16.57 34.8 33.54 35.33 11.11
19.86 22.67 13.13 8.63 7.7 31.51 9.22 14.23 7.47 20.74
34.08 23.46 38.36 22.55 39.35 11.19 30.72 13.46 9.84
18.12 5.48 17.22 22.5 24.12 29.52 3.24 16.68 19.75
1.57 36.93 25.82 1.95 6.92 24.11 33.67 15.98 1.77
25.47 28.68 10.87 33.81 5.08 31.53 30.43 19.56
22.85 2.63 8.05 9.58 34.68 38.89 29.77 1.53 15.53 39.15 39.73 18.87
10.49 5.47 13.52 0.61 36.2 14.66 13.57 4.61
32.09 31.5 27.99 20.68 9.87 38.89 17.03 25.6 31.84 23.56 15.88
12.81 24.06 5.7 3.31 0.62 38.19 5.59 18.77 17.89
34.45 20.55 15.94 18.42 12.92 24.72 11.94 13.7 31.3 33.85 39.56 27.95
6.15 21.3 28.01 39.61 14.18 2.11 19.41 25.16 36.38 17.31 17.15
28.78 29.34 29.23 15.3 20.83 39.63 23.27 8.46 39.89
16.1 32.7 39.95 34.58 32.66 12.01 11.41 22.41 32.71
17.45 7.58 1.8 31.02 18.27 19.22 35.94 36.48
26.89 39.81 14.93 19.53 2.22 12.86 33.17 2.13
25.79 2.16 12.95 39.27 17.79 6.53 2.8 36.54 24.97 19.04
10.15 26.87 20.29 14.3 17.15 30.18 32.17 35.07 31.36 13.91 12.95 22.69 16.23
10.72 7.34 30.06 28.33 28.17 8.6 27.64 34.74 17.69 15.5 4.93 28.59 13.42
14.65 4.09 22.3 27.71 9.63 18.93 19.5 15.18 20.13 16.46 12.82 27.29
27.09 22.52 27.41 28.74 21.95 24.97 32.77 13.52 20.01 22.52
7.09 23.39 7.85 34.64 3.02 28.2 28.4 6.86 29.3 31.94
39.3 13.74 30.08 22.81 34.17 6.9 1.81 30.72 30.03 15.9 10.29 31.84 2.34
38.17 4.02 19.92 22.09 18.37 34.02 12.2 4.44 12.47 22.29 27.04 15.94
3.67 31.17 22.18 18.77 28.87 18.29 18.42 36.88 3.87 31.31 6.28
2.68 16.69 39.49 1.62 32.37 15.08 19.62 34.27
33.51 10.82 11.71 3.4 2.63 24.16 23.96 16.87 23.73 5.11 9.96 5.4
10.8 17.66 37.65 15.15 34.48 35.4 5.19 25.51 19.76
11.21 15.92 25.5 27.57 16.75 14.97 11.65 3.35 3.67 35.21 9.52
31.97 10.95 18.28 11.84 26.95 29.69 1.58 8.31 23.83 4.59 31.92
20.02 15.07 4.04 39.01 17.51 22.58 13.57 27.68 16.44
7.51 22.62 7.1 15.51 33.92 6.4 6.24 28.06 8.79 20.8 24.05 2.61
8.34 4.01 1.65 9.16 7.66 7.02 38.7 36.1 35.69 22.2 30.01 7.37 3.82
9.73 39.66 28.2 21.35 10.93 4.65 7.26 35.13 37.66 29.48 33.13 33.14
24.12 12.88 3.42 33.43 29.86 8.99 36.92 31.8
23.02 27.98 10.48 35.33 34.01 8.85 25.02 26.35 24.01 21.69 8.94 14.62 16.11
36.01 16.35 23.85 32.38 27.54 39.03 16.67 3.15 24.55 29.75
3.23 16.44 19.82 27.72 5.68 15.95 23.13 28.25
4.29 9.85 37.6 7.72 21.78 20.26 31.66 12.41 13.0 39.64 14.75
20.98 12.34 36.67 32.94 29.93 13.87 21.15 30.21
38.67 31.22 24.95 6.75 33.39 4.33 3.86 20.34 22.29 9.39 10.32
32.45 23.88 4.75 6.66 38.69 14.72 22.29 7.09 30.39 12.01
37.66 39.21 32.37 21.42 7.01 4.92 32.66 36.54 20.61
10.27 26.41 25.27 14.41 29.98 36.95 23.29 25.47 22.31 7.35 17.4
33.69 24.75 15.98 25.63 16.15 30.01 21.5 39.69 9.19 19.29
25.45 28.33 22.0 4.2 8.58 5.06 13.32 38.87 35.11 36.23
2.19 25.93 20.52 13.11 33.38 37.93 2.47 15.78
10.18 2.81 6.11 26.12 2.89 22.44 3.24 37.59 22.69 15.82 28.75
12.04 16.27 4.83 30.03 31.55 6.6 29.35 16.18
39.1 7.78 29.61 15.01 28.25 18.29 33.56 9.79 39.64 21.52 25.54
16.8 38.3 37.59 24.66 35.3 1.67 25.83 17.82 13.74
4.48 32.06 35.28 12.57 10.73 6.45 34.89 25.77 21.7
33.41 25.83 27.95 1.92 29.64 5.34 24.02 3.41 15.87 37.24
5.63 19.5 26.18 29.42 13.95 25.49 17.76 0.77 10.45 3.33 26.29 10.63 4.65
26.46 27.98 21.18 25.25 1.84 21.01 0.71 21.63 30.88 38.79 34.93 31.17 18.81
11.47 11.56 6.22 16.54 21.24 4.35 27.22 23.15 12.07
14.61 12.54 31.58 2.6 18.86 15.42 35.28 4.38
24.23 9.41 22.22 26.96 22.6 22.38 4.13 13.34 22.52 12.15 32.41 33.01 4.99
4.01 13.67 3.03 31.8 31.34 27.79 10.42 16.7 24.79 30.15
27.39 39.54 4.76 23.4 22.18 15.31 31.46 11.93 23.54 7.86 14.05 33.53 6.92
33.15 20.96 31.45 34.03 38.76 13.53 16.16 33.2 19.58 39.69 6.92
18.34 14.42 9.78 17.35 39.79 0.85 19.66 28.32 37.71 27.39 38.99 16.04 12.81
24.43 22.33 26.0 33.07 27.44 36.85 32.12 13.51 6.74 37.89
16.65 39.93 32.6 18.0 2.62 17.2 5.03 32.93
7.57 5.45 6.36 31.64 39.04 21.82 28.63 33.68 10.78 36.9 6.89
33.51 29.19 22.74 15.03 5.76 34.52 11.78 12.65 30.98 22.05 1.41 18.96 17.41
27.33 6.56 6.06 35.73 31.24 13.69 28.8 31.54
35.98 11.38 22.97 14.95 18.37 27.29 11.42 24.84 8.87 38.15 3.28
34.26 10.03 34.47 20.83 29.14 9.68 16.97 33.08 35.95 15.02 27.44 3.29
32.64 21.4 11.39 2.46 30.04 12.94 25.38 27.48 12.93 20.47
20.04 13.89 11.82 25.84 20.04 23.72 36.03 8.17 4.84 20.55 36.86
36.16 27.51 30.45 38.43 2.69 30.27 22.7 6.34 18.37 33.59 38.02 28.84 5.85
37.09 38.05 26.84 34.39 19.45 17.42 26.07 32.06 6.98 21.19 10.05 21.0 8.77
25.8 30.92 28.76 35.91 12.71 2.3 37.31 19.48 2.7
24.25 2.05 30.28 19.43 9.94 36.4 12.76 9.42 8.39
14.87 9.6 2.66 11.44 16.51 3.06 17.61 7.75
10.12 22.44 7.53 14.89 26.85 34.85 18.24 17.2 2.12 7.82 20.83 28.42
14.24 20.65 31.55 16.85 26.76 39.15 32.76 10.59
34.7 2.64 28.19 16.61 39.86 5.52 7.57 33.13 23.65
7.16 15.27 10.96 10.18 27.03 23.09 0.6 39.48 33.45 8.65 38.95
19.6 4.21 5.47 13.41 37.9 7.56 18.65 34.48
15.26 26.74 7.06 11.66 23.56 12.46 38.17 30.45 6.46
4.88 5.75 26.55 19.47 38.07 10.31 7.66 5.16 36.74 27.81 18.26 32.45
25.2 9.09 17.6 25.55 13.05 10.27 39.3 4.58 32.45 15.17 6.38 34.05 9.92
26.46 27.21 6.41 1.95 8.53 24.18 3.74 27.8 15.31
18.99 1.76 2.72 5.3 19.98 22.73 37.64 17.24 11.84 4.13
38.48 18.01 6.88 29.73 5.87 36.87 10.69 34.61 38.6 25.96 35.34
18.62 12.08 31.39 22.84 31.38 38.39 0.88 21.68 3.81 12.76 38.25 29.9
17.82 23.0 38.98 31.73 12.1 25.2 20.72 29.52 9.16 14.45
17.08 3.41 8.87 6.18 28.43 10.56 5.84 10.33
28.43 4.26 38.02 21.73 7.77 3.87 15.22 23.86 25.41 7.35
17.27 5.26 36.87 15.68 3.35 18.05 28.05 17.22 35.53 19.27 21.8
10.9 20.42 27.31 32.33 6.41 25.24 8.24 7.74 8.74
12.2 4.89 21.19 6.74 0.79 1.99 27.75 37.19 8.8 36.89
37.22 7.2 2.67 16.72 14.59 2.81 31.99 6.01 13.16
11.08 13.39 5.87 32.86 29.51 32.58 18.98 14.28 39.97 16.93
32.17 9.42 6.93 14.69 17.2 4.4 38.44 19.35 35.64 18.48 16.07
29.27 22.48 6.4 26.33 1.96 25.12 8.74 23.07 1.84 2.95 37.14
21.14 34.8 35.01 30.21 18.25 38.61 18.23 3.23 2.81
38.6 38.48 31.37 37.14 17.86 25.39 24.6 9.21 23.04 15.43 3.05 37.06
24.31 15.09 12.18 29.95 31.14 1.51 35.64 32.15 23.96
15.59 18.33 15.03 12.03 26.13 39.64 23.71 7.57 38.27 5.05 33.28 13.08
14.02 26.86 10.24 12.86 35.89 20.06 36.4 17.55 19.84 31.77 38.4
20.2 25.64 10.69 2.95 17.39 33.85 21.51 8.37 27.05 32.73
7.41 39.03 5.18 3.35 20.51 21.44 16.81 38.67
31.86 22.31 38.6 30.29 17.52 21.89 25.42 28.44
26.6 5.74 2.72 21.34 17.8 27.44 9.12 36.93 15.51 29.48 31.73 39.54 29.22
36.0 12.38 9.17 30.12 20.92 16.1 8.67 12.72
12.87 14.36 20.31 32.03 29.71 39.98 32.07 18.75 21.57 16.57 6.02 5.31 24.12
7.39 25.83 12.56 9.65 15.32 37.51 16.24 29.33 29.0 1.67 32.37 6.52 22.04
2.14 5.78 27.41 17.89 12.13 27.81 28.61 39.9 19.09 9.07 24.58 20.57
7.03 28.55 29.76 19.82 36.57 0.69 35.69 12.53 16.72
7.11 31.32 18.21 3.23 1.92 38.56 36.8 27.58 12.73 20.03 30.9 26.77 11.78
11.66 1.48 13.26 13.26 18.79 35.74 38.51 3.64
4.04 18.27 27.64 30.5 15.14 27.78 32.97 13.77 10.61 11.32
35.46 26.17 21.77 30.71 19.82 36.47 5.82 16.06 17.73 8.01 19.78 8.27
26.68 36.88 18.3 37.49 3.47 13.62 2.14 31.44 9.06 23.94 3.94
36.91 4.55 37.82 12.77 17.45 21.37 32.09 10.24 26.9 35.87
28.39 8.1 31.73 5.55 29.74 35.56 35.1 7.34 1.92 22.47 13.13 31.98 33.06
34.58 15.16 4.46 38.07 6.63 2.4 31.79 16.14 3.23 23.27
31.89 11.02 24.84 12.02 12.79 3.85 3.67 16.66 31.57 20.14 37.0
28.65 18.38 29.59 23.5 23.32 10.07 10.05 15.59 37.5 15.16 4.78
8.05 29.27 17.23 38.82 0.9 24.72 30.02 39.03 33.73 35.41
27.55 11.16 22.0 10.86 28.58 11.48 15.46 27.78 36.62 33.82 14.49 24.41 8.16
34.9 23.87 38.91 26.42 32.54 11.66 15.74 30.06 16.33 4.67
25.16 5.85 23.35 21.87 37.45 34.36 25.63 38.03 8.56 18.56 18.11 9.64 26.14
18.64 19.69 13.39 30.39 8.57 30.17 39.11 20.22 14.99
12.28 20.77 5.18 5.09 11.0 20.17 39.61 34.81
24.79 11.91 29.28 7.29 25.63 2.18 29.03 30.49 20.95 33.46 9.85 36.14 8.04
1.86 3.1 7.81 38.36 11.48 3.71 23.33 39.11 21.74 22.15
27.24 3.28 38.64 39.83 18.09 2.7 10.18 36.78 7.08 8.07 13.62 26.52 26.79
2.46 9.98 33.85 4.24 20.85 11.61 11.78 3.43
31.73 21.69 3.35 29.65 33.89 27.62 2.84 34.96 26.63 20.79 14.98 4.4 33.4
28.06 16.63 26.2 6.15 27.71 14.45 9.1 29.04 17.74 9.4 33.03 16.37
33.97 14.38 4.16 10.01 14.84 10.69 30.04 11.19
8.96 24.36 24.08 38.33 28.06 8.3 28.99 11.21 26.9 2.34 11.74 10.06
15.21 37.49 34.25 4.55 35.92 6.25 6.67 6.7 39.36 6.01 15.93
16.05 20.25 13.7 8.89 25.83 33.99 26.14 33.23 12.27 15.58 11.76
14.66 15.87 32.52 5.74 38.84 24.15 15.73 8.83
6.36 22.14 27.97 26.13 1.73 20.64 15.56 2.71 39.36 21.96
35.44 26.15 31.8 28.73 34.81 19.93 20.2 38.0 36.16 16.86 2.71
26.49 9.4 13.45 13.47 9.69 16.09 18.32 4.32 8.68 32.5 4.95 15.06 24.3
9.67 5.53 37.15 10.21 23.87 26.72 34.28 25.15 35.44 6.45 31.38 33.34 2.14
31.26 5.71 36.68 27.9 26.28 26.87 10.34 13.78
11.71 33.48 10.24 10.57 2.84 12.78 33.02 28.11 3.84 6.13
1.67 19.14 18.58 5.54 17.63 4.18 16.13 4.11 23.86
16.19 1.57 26.58 25.28 14.73 13.62 33.64 20.04 29.86 35.12
3.94 33.8 33.43 5.31 20.27 35.06 0.61 17.32 20.07 17.52 22.15 2.84 17.8
39.34 11.87 13.78 39.6 31.12 21.54 8.14 20.44 12.44
27.32 39.1 20.33 2.0 21.38 33.92 28.63 6.28 24.15
6.59 28.02 9.58 39.16 25.29 4.71 27.79 21.12 4.15 26.72 37.64
24.31 13.1 21.84 21.91 34.15 28.82 34.58 34.76 15.17
8.62 30.15 5.03 10.84 4.48 7.45 16.21 25.65 37.13
24.49 19.19 7.23 17.83 30.22 13.52 10.0 3.23 13.58 10.22 2.17 22.47
30.93 1.89 39.2 26.82 13.69 39.58 36.96 6.98 25.14 7.46
5.23 12.32 18.76 37.62 7.83 15.78 31.1 12.16 20.28
15.95 5.41 7.77 6.94 11.88 9.62 15.86 26.98 24.55 1.37 32.3 30.23 10.82
37.35 13.65 1.11 9.69 38.78 23.5 26.07 31.26 32.25 34.22 38.32 22.11 6.51
15.54 2.75 13.52 13.06 14.09 4.29 26.13 6.34 37.75 36.46
25.07 1.76 5.99 15.84 23.53 6.01 17.57 16.08 14.15 20.85 39.43 14.78 6.23
20.47 35.28 1.31 30.19 28.94 33.63 20.54 15.85 14.0 33.74 22.39 39.21
4.34 32.75 18.41 3.81 21.71 39.6 14.78 13.91 19.4
26.85 24.63 8.09 29.42 38.75 37.42 33.88 34.81
15.06 10.91 20.82 0.68 14.35 18.19 1.45 10.85 2.69 33.08 10.33 12.3
2.99 29.48 1.47 39.7 22.9 32.17 12.79 5.48
8.2 34.26 31.67 3.77 18.89 10.36 36.72 8.67
26.37 31.96 5.66 31.76 31.38 27.19 8.94 29.72 36.63
7.65 22.52 11.18 36.63 9.58 33.06 17.87 16.66 18.55 9.99 24.29 12.56 3.87
33.19 2.35 19.97 30.41 35.97 29.83 15.28 4.14 5.21 34.41 28.7 13.63
22.3 32.25 37.17 6.62 31.92 12.07 38.44 29.57 30.64 31.83 38.88
20.7 15.58 30.74 26.69 31.13 16.06 24.83 16.86 35.35 16.8 16.33
11.72 31.54 25.36 39.96 23.11 29.21 22.52 32.33 18.74
6.98 14.33 26.04 22.6 3.82 15.51 39.88 34.24 28.22 3.68 3.91
6.14 3.99 30.46 18.72 38.08 12.16 10.5 3.99 16.9 9.31 16.15 11.97
12.83 8.56 37.1 18.49 12.31 28.17 2.43 35.55 39.36 19.14 29.71 21.93 24.44
37.35 29.62 24.99 7.93 19.0 1.13 15.54 33.43 27.87 3.33
31.53 22.5 36.48 36.57 36.67 0.94 11.04 17.04 11.21 16.64
14.93 12.32 22.3 22.08 14.19 16.32 38.92 7.54 36.87 4.2 1.46 20.32 36.25
5.33 14.14 14.81 8.82 5.85 18.67 21.43 30.21 24.75 35.94
10.4 26.74 2.5 16.94 27.44 28.09 8.22 35.68 28.25 1.79 34.15 30.55
11.78 23.79 9.78 25.41 25.84 35.75 4.49 16.33
31.82 39.63 3.64 4.06 3.92 11.85 3.33 15.22
31.46 32.36 26.58 5.95 6.54 38.91 8.78 25.73 3.37 34.93
30.3 2.61 26.76 15.69 15.42 5.54 14.15 38.4 16.44
27.83 20.12 23.9 8.87 14.73 5.88 30.87 24.53 3.45 4.85 25.53 30.76 18.28
26.68 27.7 6.79 16.01 21.59 17.04 3.35 5.05 34.03
2.25 29.19 15.51 2.66 0.99 37.85 16.22 29.59 4.12 20.76 20.49
38.69 29.26 35.03 1.45 4.39 6.15 32.84 23.01 31.35 4.43
32.96 3.27 26.5 15.19 7.28 7.68 31.2 9.25 35.85 34.1 14.07
14.99 24.51 15.33 2.19 38.94 6.82 4.83 36.81 1.58 22.18
18.6 35.92 24.28 31.82 11.86 26.63 33.4 1.55 36.06 3.68 35.15 12.35 22.96
27.79 10.79 16.45 19.03 26.42 39.62 37.89 5.91 21.41
26.01 25.79 34.95 28.02 19.81 27.37 33.6 2.02 33.45 30.96 9.5 39.97
2.09 2.54 13.9 27.18 7.37 39.83 25.15 12.81 5.8 37.72 28.11 23.18 6.11
27.58 22.53 38.49 9.77 9.54 17.94 33.28 17.07 11.43
33.37 20.0 19.5 11.0 1.53 22.77 38.44 31.14 19.69
14.56 27.14 2.3 4.17 25.15 21.22 32.61 2.54 32.02 17.32 8.8 3.77 16.57
2.84 17.58 14.99 10.31 20.2 5.09 17.37 22.24 32.51 34.85
28.39 3.39 36.07 31.6 21.91 18.2 7.29 1.62 31.44
15.31 7.95 23.8 22.94 6.65 16.2 15.6 16.83
38.87 8.84 12.73 8.79 2.53 25.09 21.96 29.61 21.74 34.53 11.68 13.56
29.38 23.11 37.78 23.78 27.49 16.83 4.07 13.67 17.01 30.96 31.55 12.73 37.73
13.95 35.11 12.9 15.93 7.22 36.93 28.69 29.95 17.32 14.48
39.58 29.99 1.58 36.02 19.28 10.33 29.3 32.47 18.87 39.23 16.39 37.89
24.11 8.51 5.53 17.23 20.35 6.14 28.02 26.44 15.91 34.97
9.39 35.89 17.39 6.6 11.06 34.42 16.45 27.96 17.89 10.48
17.19 6.73 6.48 27.17 16.21 4.33 33.01 18.5 13.67 11.6 16.31 16.23 16.39
31.75 30.57 12.61 34.1 8.95 34.13 23.05 36.7 11.41 14.67 24.8 20.87
5.45 39.96 8.08 7.47 26.38 5.73 35.92 12.63 24.42 39.96
13.16 29.35 6.09 19.25 0.64 34.28 24.91 34.75 7.19 20.96 13.55
30.62 32.23 15.88 4.73 37.23 39.0 19.18 33.18 8.18 2.56 31.65
36.03 12.5 9.36 19.83 39.82 11.21 14.93 27.95 29.67 23.18 31.33
4.44 2.19 29.03 18.23 17.46 22.7 38.9 39.24 6.22 33.11
2.92 17.51 33.44 37.1 16.36 28.58 20.24 35.17
18.05 16.67 2.67 26.71 18.46 13.77 8.86 11.89 26.16 4.11 12.96 14.58 33.46
28.31 17.19 2.6 23.59 28.54 18.86 37.51 12.7 16.95 13.05 2.73 6.5
29.38 1.72 14.84 29.7 7.61 3.84 22.28 36.26 3.42 9.52 9.1 37.79 20.49
27.97 12.07 37.04 37.49 12.47 33.16 26.3 33.99 10.28
8.93 36.79 39.87 13.19 36.44 1.89 23.75 33.63 28.64 2.94
10.02 10.62 2.36 4.22 32.58 5.91 17.13 13.21 37.66 7.9 14.81 16.81 4.56
15.01 1.52 3.17 31.89 20.8 33.04 18.89 19.02 12.6 7.45 25.58 39.56
35.32 37.05 17.8 37.35 21.14 33.01 35.98 33.39 19.22
8.39 21.26 19.51 6.69 5.44 5.6 22.8 12.58 17.13
9.67 24.36 2.56 5.45 0.94 21.88 11.59 26.21 7.06 6.97 5.98
18.28 36.34 38.8 28.93 8.01 36.51 28.7 18.22 5.97 32.38 12.87 20.2
10.44 38.87 26.51 5.05 18.11 21.45 8.71 25.68 32.37 14.23 34.78
33.72 8.15 28.24 15.9 4.96 31.99 33.05 18.48
21.36 13.79 4.22 10.2 19.98 18.45 34.52 13.5 32.87 16.48 30.66 38.91
16.74 35.82 28.55 33.58 16.45 32.01 8.45 26.57 24.31 37.57 11.35 38.68
33.9 36.74 18.07 1.87 30.3 11.38 18.79 8.05
34.24 16.06 29.49 16.39 4.4 8.2 9.4 27.77 7.01 21.88
11.62 25.63 38.49 25.55 5.51 19.52 18.49 38.51 3.89
26.26 30.32 22.51 22.95 14.96 11.28 13.1 3.04 19.98 27.19 5.2 11.75
28.11 22.94 33.84 24.43 36.37 8.37 19.71 26.03 20.7
24.53 2.46 3.37 28.18 22.06 12.1 11.16 31.66 23.45 33.28 39.27
39.68 8.01 18.86 18.76 18.57 17.49 27.23 9.85 26.42
4.94 34.89 29.27 26.95 12.3 28.15 35.65 4.46 13.97 36.68 18.02
34.96 4.43 13.08 14.26 8.28 9.0 19.54 17.26 12.22 8.91 22.74
27.55 10.87 27.21 36.88 7.67 11.05 13.75 38.52 16.2 9.78 34.35 10.59 32.82
5.51 38.78 9.91 24.64 1.73 16.42 15.62 20.33 34.39 36.12 15.58
8.86 39.75 38.0 26.55 31.55 2.35 3.66 30.0 4.14 14.25 22.48 9.55 10.06
12.91 38.57 39.0 3.27 8.27 13.9 32.39 3.23 21.97
16.06 35.92 4.44 0.54 1.64 12.0 25.51 38.63 8.26 28.52
36.57 4.69 11.07 34.24 13.73 34.75 19.57 38.38 3.77 15.84 8.88 38.51
22.47 32.78 25.91 39.12 27.63 22.54 34.71 7.21 30.89 29.07 24.2 18.78
17.79 30.69 35.54 37.28 9.24 9.81 5.23 34.96 11.85 10.64 12.78 7.48 2.65
17.62 27.12 20.32 0.98 11.86 39.92 32.55 28.83
17.12 15.41 31.5 37.07 37.21 23.21 37.1 15.53 34.97 27.84
33.65 25.05 14.25 39.69 34.62 11.84 30.71 33.19
24.82 10.2 24.95 26.34 22.35 17.75 31.85 37.67 9.18 2.85 24.54 25.17
32.99 38.92 19.28 19.79 31.77 7.79 35.73 37.26 22.52 15.74
33.43 19.13 37.26 31.45 17.5 16.79 34.44 15.01
17.4 13.76 36.33 24.42 2.2 17.73 30.32 3.3 27.34
28.84 7.83 4.89 10.19 3.8 26.76 9.64 38.62 24.94
19.39 20.16 7.33 33.18 12.47 23.28 35.41 10.05 10.8
6.07 9.88 3.03 27.32 34.19 30.66 6.7 19.95 32.42
33.71 16.51 26.44 29.76 11.32 36.94 23.39 35.37 15.87 38.53 19.97 14.2 8.88
6.26 7.43 24.51 18.86 33.19 5.88 2.79 29.85
29.72 9.92 36.09 37.45 13.36 32.78 32.26 11.96 20.95 2.09
20.67 36.72 23.09 6.21 2.09 36.32 35.91 4.16 20.54 29.72 29.59 5.52 38.34
8.13 24.84 35.18 29.67 26.26 13.31 15.28 7.82 35.31 19.85 12.81 20.63 14.05
28.09 31.55 4.27 17.17 0.52 13.34 23.23 35.85
8.72 18.92 24.17 16.24 12.24 14.11 28.0 29.13 7.5 19.72 2.98
32.45 12.65 18.16 29.06 16.24 32.73 9.36 8.2
35.35 30.52 22.75 34.29 11.14 19.36 32.98 38.01 37.35 10.89 16.72 23.84 9.48
26.28 13.83 8.05 38.5 20.53 30.16 14.01 13.36 5.64 27.85
13.37 15.9 38.21 19.04 5.99 14.54 18.23 5.67 36.57
16.76 34.37 1.08 29.3 19.33 5.48 8.81 39.51 5.85
16.99 34.72 22.17 10.31 27.71 35.84 19.71 8.36 11.28 33.33 2.57 19.92 20.15
11.53 20.53 26.17 30.49 39.96 2.71 13.16 17.92 8.94
19.84 37.27 2.14 8.7 28.7 8.53 7.62 14.48 20.02 31.62
14.17 31.76 10.7 14.21 4.99 11.07 18.26 3.86 39.92 19.52 17.98
30.47 28.4 18.2 1.2 22.98 11.28 27.96 11.68 32.74 29.72
3.5 13.36 36.57 21.16 1.8 14.76 16.14 8.47
15.07 36.83 23.27 15.25 2.37 32.25 25.67 22.43 11.7 9.65 2.23
24.32 4.69 30.16 7.85 11.69 9.48 35.82 26.76 29.44 13.15 4.39 17.79
20.44 5.83 31.74 26.69 7.52 32.02 8.44 24.39
4.61 31.46 21.78 4.91 13.0 0.8 30.93 13.47 23.06 3.37 10.5 8.68
38.64 11.8 10.39 4.72 29.5 5.87 13.99 21.3 19.06 5.21
39.81 3.38 39.26 3.25 38.87 10.89 15.38 22.49 36.54
12.35 17.65 34.07 22.55 1.13 4.83 26.54 15.98 18.67 31.35
11.93 15.01 21.25 2.79 22.94 29.48 4.01 19.87 22.95 25.95 19.42 36.75 25.8
6.48 6.29 23.39 32.73 36.83 21.39 23.46 18.33 16.57
20.8 20.69 32.37 24.19 19.09 30.85 7.38 2.7 9.58 32.72 28.36 1.81
26.43 10.96 21.34 29.09 12.13 37.85 21.01 35.28 30.53 30.8 29.41 12.64
17.25 11.38 5.87 31.03 3.45 10.48 1.12 13.48 38.1
24.01 27.33 4.47 35.57 16.24 19.9 10.38 15.12 34.34 15.91 22.75
29.19 24.91 19.65 5.9 13.21 33.9 36.57 19.21 38.19 32.92 16.31 36.28
1.81 36.24 22.52 20.3 13.54 21.83 31.98 17.95 22.57 39.41
39.27 18.67 28.39 11.22 31.7 6.78 15.09 27.84 32.38
8.44 31.52 9.56 9.95 34.49 37.45 7.02 4.74 37.66 11.9 14.53 38.92 11.94
23.7 39.0 36.9 39.04 3.26 31.42 15.71 11.85 35.66 19.93 2.59 39.52
16.43 24.31 31.62 28.66 23.73 15.62 24.91 7.66 29.75 35.21 10.28
32.53 7.06 2.03 18.55 0.55 27.73 1.45 11.13 29.23 14.44
38.71 22.4 14.44 16.09 30.15 37.01 16.79 36.27 23.39 3.45 28.94
34.45 8.74 7.02 5.84 5.83 8.32 25.68 11.46 27.94 1.83 19.77
18.32 13.41 11.47 16.06 37.5 1.29 6.5 13.63
2.88 16.34 13.29 2.41 29.0 31.65 36.38 7.8 4.82
2.69 35.05 20.37 25.43 25.78 24.55 34.09 33.11 8.76 13.81 27.03 27.91 36.36
2.73 38.15 29.72 19.41 5.91 15.11 33.52 0.88 28.25 9.33 14.24
34.93 11.8 14.58 3.13 37.21 30.58 20.54 5.55 19.14 4.31
37.15 10.36 31.86 8.46 39.9 11.23 2.77 7.1 15.17 12.45
8.92 29.73 9.29 31.99 13.81 11.54 21.45 13.59 2.0
28.34 16.48 3.79 25.99 33.8 27.9 25.91 25.69
20.32 28.44 1.69 12.0 10.0 20.33 7.05 6.44 19.9
19.56 7.37 27.99 1.97 3.21 23.21 33.21 35.14 8.01
9.83 14.34 10.76 10.71 6.79 39.65 11.67 37.84 7.84 13.51
24.71 39.33 30.65 38.4 2.01 14.52 17.35 28.71 24.28 12.55
19.49 37.3 25.0 7.62 7.4 26.77 2.09 36.58
15.59 34.23 11.86 22.85 16.08 24.66 36.1 8.86 11.14
38.4 34.51 20.04 37.74 22.53 10.71 1.91 39.45 1.57 25.59 20.55
4.95 11.06 1.02 33.71 9.24 23.18 29.83 28.34 31.9
35.34 33.23 33.3 35.0 21.23 5.47 23.06 23.12 6.17 25.78
37.16 12.96 21.87 28.52 26.4 3.14 2.36 38.73 26.16 38.85 26.23 32.89
30.93 16.79 1.1 29.22 21.45 11.62 9.26 9.97 34.88
3.31 31.55 25.9 27.29 19.52 38.96 7.34 12.28
14.8 35.85 21.71 9.94 31.76 27.0 5.48 28.99
4.63 8.21 39.51 4.38 33.76 17.18 6.72 11.16 1.13 32.13 3.36
30.05 24.64 38.79 5.91 3.2 5.62 27.34 34.55 32.38 18.34
7.26 12.01 19.92 28.0 6.7 27.83 18.41 39.73 10.22 37.71 8.05 12.49
7.29 3.27 38.35 17.84 25.18 21.38 2.1 7.03
39.77 6.17 35.2 39.26 13.14 36.54 23.54 37.78 14.89 32.22 17.37
30.04 22.5 13.01 32.69 9.38 2.38 33.2 13.86 15.16 29.18 15.97 25.8 10.45
38.56 39.56 12.65 16.54 39.17 24.8 15.75 37.66 26.55
20.96 2.48 27.71 27.93 34.7 5.51 20.94 39.54 15.35
12.18 5.02 23.07 21.03 39.77 16.5 13.16 37.4 25.76
18.94 8.83 11.05 33.66 35.91 5.59 39.56 21.45 5.49 35.53 35.3 33.08 23.3
14.24 34.66 3.02 1.81 20.26 30.19 6.18 27.66 39.15 9.51
30.55 35.51 6.33 27.93 33.37 29.42 0.57 21.64 3.46 39.02 16.82 18.19 24.18
4.71 29.64 11.33 14.14 27.22 12.52 12.54 18.54 24.4 28.77 3.4
37.72 30.34 14.71 23.52 9.4 28.24 17.62 32.01 21.44
38.66 36.79 35.73 25.09 28.99 38.21 34.98 21.67 18.44 35.3
4.12 36.74 26.28 22.41 21.98 19.88 19.03 25.32
22.83 35.06 2.81 28.58 9.68 6.46 28.54 4.17 0.53 16.21 31.12 5.53 7.7
37.87 37.64 5.76 1.3 8.83 33.15 8.15 9.01 32.64
14.39 38.66 20.06 5.63 38.01 12.73 21.01 37.7
3.1 15.91 3.05 7.8 32.54 20.14 13.42 20.12 4.23 23.94 27.78 32.07
36.49 3.16 15.79 26.58 17.39 4.23 27.59 8.47
7.03 27.68 38.52 19.94 2.53 15.73 21.72 12.68 30.57 36.57 19.63 19.26
13.45 30.59 29.58 23.23 23.28 32.19 20.96 8.19 6.85 35.42 5.05 30.23 27.59
11.86 13.89 23.17 18.54 17.53 30.58 8.98 12.07 12.44
15.87 35.81 39.31 2.97 25.18 3.67 23.62 23.95 26.71 1.88 32.28 29.19
4.35 28.28 7.74 25.15 6.95 39.41 5.79 34.79 9.68
35.43 19.98 23.97 19.49 8.36 1.57 34.57 10.72
1.57 2.73 8.13 38.99 33.3 35.17 1.69 20.81 21.12 27.38 23.19
13.47 18.84 34.24 15.93 5.81 23.64 21.74 33.03 30.5 36.23 13.29 28.44
9.5 27.81 34.32 32.07 2.7 29.6 34.91 4.41 15.86 28.14 34.05 34.48
6.86 5.26 17.24 18.53 9.02 31.43 26.04 37.9 27.26 38.24 34.53 11.99
30.62 36.28 11.82 1.7 36.75 36.95 22.29 34.32 36.17 16.98 39.8 13.34 12.79
21.53 30.27 14.76 13.21 20.2 36.54 23.13 17.49 38.51 37.14 18.46 7.52 36.29
25.27 18.0 15.44 19.59 34.46 39.76 7.4 0.68 35.74 23.71 9.46
31.55 7.46 17.4 14.17 12.2 24.02 26.76 26.24 13.29
10.94 21.49 8.15 22.26 29.86 17.17 32.41 7.69 2.41
34.78 22.58 16.67 38.7 25.66 4.18 36.38 6.55 28.71 24.8 16.72 20.67
17.79 12.46 23.02 29.98 11.94 27.75 19.85 10.01 24.07
38.97 14.74 2.34 28.28 33.97 26.86 17.94 19.02 18.97 26.24
29.81 10.52 4.86 11.81 6.17 10.58 30.13 20.21 23.95 11.6 15.12 28.34 35.29
11.5 7.54 14.72 19.77 8.2 34.06 39.62 30.05
23.36 7.57 5.84 19.75 16.13 35.45 31.29 38.08 32.22
8.31 21.84 8.45 4.08 21.15 18.99 34.87 30.27 10.59 32.41
6.5 6.07 38.22 24.56 4.19 27.01 15.61 3.24 23.98 36.69 1.62 3.41
14.47 8.81 28.5 36.18 32.24 14.74 13.49 39.26 7.18 31.21 4.74
13.92 32.32 1.74 18.61 13.95 17.05 28.61 32.08 14.63 33.33 14.15 7.73 3.76
22.6 12.84 17.7 39.3 10.11 11.37 38.55 10.51 34.71 5.74
23.0 26.59 19.39 23.9 33.23 0.74 31.9 32.28 36.11 39.0 37.48
34.36 18.21 39.54 27.66 26.75 20.05 17.45 24.04 33.55 35.52
35.87 7.41 6.02 10.06 19.36 11.33 13.69 0.55 35.2 21.91 31.1
36.21 3.18 24.59 28.51 4.38 8.26 10.51 9.09 5.15
6.35 26.63 33.31 31.14 39.76 16.69 13.29 4.17 9.88 34.94 29.85 15.95
14.42 19.23 31.98 34.92 16.8 23.67 14.14 28.07
3.38 14.5 19.51 18.48 1.48 19.69 9.93 27.34 20.92 15.99 2.43 29.52
38.69 1.75 5.56 30.41 29.83 5.87 13.42 5.32 26.18
33.04 20.56 25.02 19.17 26.0 7.54 2.95 0.8 30.09 19.56 15.55 39.62
4.18 36.45 12.23 31.74 26.83 20.85 35.27 2.69 32.01
15.24 39.64 18.47 11.83 19.08 30.5 12.75 7.93
8.54 19.86 12.24 12.82 38.86 16.62 24.53 4.52 10.31 8.97 24.27 25.69
11.23 3.22 16.21 8.83 37.23 29.99 39.37 36.69 2.38
10.25 7.97 29.36 31.18 37.82 34.94 18.75 39.14 29.39 8.31
24.55 11.93 18.81 28.13 30.45 34.84 25.67 23.74 34.98 31.66 38.14
24.09 12.7 22.82 9.1 37.61 3.38 27.87 5.82 14.52 33.55 16.89 34.79 33.87
8.16 10.23 27.16 26.86 23.18 13.53 19.32 35.43 38.41
36.28 13.44 9.25 16.27 17.04 11.12 12.81 0.77 20.02 28.28 9.03 38.34
33.13 21.1 29.43 15.37 0.87 21.74 28.7 38.61 8.21
37.96 3.58 37.82 25.14 6.99 14.34 19.21 34.1 18.54 16.71 29.61 26.77
29.27 28.09 4.91 23.25 15.07 32.28 6.28 10.32
16.37 22.94 2.26 25.47 15.42 38.83 12.75 33.8 28.16
9.0 34.78 24.38 23.4 39.65 0.56 12.68 30.57 26.45 24.84 21.44 35.11
27.49 38.44 23.46 5.27 17.42 13.71 36.01 24.81 33.64
22.46 6.29 24.64 28.28 12.73 34.8 21.07 19.64 6.91
27.46 13.03 26.23 12.07 13.47 12.93 36.12 13.06 17.18 26.25
31.25 29.56 17.04 10.42 9.05 5.35 10.96 17.68 19.46 36.66 19.18 39.69 24.0
26.76 22.53 33.5 22.19 22.11 20.61 22.47 33.15 39.04 12.92 11.97
27.95 5.24 8.6 12.73 35.64 2.78 37.87 11.88 28.47 16.1
23.61 36.96 35.31 15.17 11.24 39.19 11.78 3.8 27.39 34.09 23.26 32.54
15.34 11.07 7.83 35.87 19.21 30.09 28.37 35.64 5.72
2.41 33.25 37.95 14.02 20.98 38.09 9.03 20.31 16.32 7.58
15.54 23.75 10.62 0.56 22.86 23.04 7.85 26.16 22.86
31.33 16.23 12.49 8.87 6.54 24.09 3.34 27.53
34.46 13.76 1.91 7.34 28.29 6.68 39.49 27.43 3.98 12.23 21.57
21.99 29.38 24.24 32.85 26.47 30.45 5.85 18.63 16.92 4.7
16.39 16.98 10.8 39.44 1.67 11.95 39.96 32.58 4.73 29.58
31.93 12.26 22.59 27.9 10.6 26.25 8.3 24.17 24.13 22.02 13.34 27.34
22.91 10.28 33.08 23.1 10.31 16.94 18.9 6.32 36.77
31.07 23.0 2.77 29.07 30.98 25.45 17.28 20.71 21.44 6.42 21.21 25.22 34.22
15.16 2.61 31.78 31.79 14.15 4.33 24.78 22.03
30.32 23.14 3.15 14.37 31.48 38.78 11.44 24.4
27.18 36.07 10.08 21.25 28.03 9.15 32.21 11.13 34.04 27.75 11.28 25.01 2.91
5.94 38.74 1.13 16.83 21.9 23.08 2.2 23.47 21.09 1.85 34.2 19.54
37.37 12.88 27.37 32.29 7.51 5.68 5.14 8.71 35.04
32.93 19.29 17.2 14.04 22.44 29.55 25.85 27.01 1.06 11.24 12.36
37.34 22.16 39.48 27.54 29.69 21.01 28.59 16.94
15.2 12.51 11.64 18.63 35.81 26.88 2.64 31.53 35.36 39.14 12.1 31.79 26.74
37.22 26.14 9.74 25.15 27.95 3.84 9.72 35.43 36.56 14.12 11.58
22.05 11.52 25.4 14.5 8.35 29.01 14.35 22.91 34.53 13.77 23.44 4.66
12.52 3.73 18.26 27.42 16.5 20.14 26.96 17.56
29.74 38.58 33.75 28.56 4.65 6.69 39.93 8.87 9.39 5.0 21.24 36.45 22.46
23.97 30.29 24.32 26.19 30.6 26.81 27.2 35.48 22.12 8.05
35.79 26.9 3.57 0.86 17.72 21.08 16.04 37.44 17.54 6.1 26.72
35.56 21.11 7.49 18.28 3.43 39.92 33.31 8.92
4.83 33.65 6.15 0.79 16.59 26.93 26.25 12.24 29.39 12.18 33.77 7.2
39.43 7.43 11.27 20.42 27.32 7.34 7.9 2.7 12.04 5.95
11.47 19.15 11.89 17.3 37.15 30.92 12.84 11.36 21.47 32.05 27.24
20.18 10.16 0.84 14.36 30.67 8.72 4.84 24.01
6.45 13.07 32.87 13.94 11.76 3.19 13.53 24.08 4.27 37.72 34.04 34.89 18.17
12.79 34.02 12.8 37.69 4.08 32.58 10.83 8.41 17.11 12.83 4.92
32.18 5.79 19.21 29.28 7.01 35.84 4.39 2.9 24.9
11.66 32.49 14.39 0.51 26.87 11.5 6.71 18.16
23.25 7.38 14.49 8.51 10.29 33.96 30.82 38.41 2.97 2.38 16.24
8.23 8.09 33.27 35.74 29.34 38.63 26.58 26.03 7.6 30.17
37.22 12.06 28.41 6.89 0.87 17.59 13.92 39.84
27.23 38.94 7.31 39.49 18.13 13.46 34.49 4.16 15.13 22.07 2.47
3.29 33.26 27.68 10.12 20.31 30.86 4.1 11.79 8.04 32.52 39.0 29.76
4.61 6.0 34.48 8.33 23.25 25.77 11.72 38.91 25.06 8.63
37.77 35.89 35.42 6.63 16.76 8.06 39.18 38.12 25.37
11.81 38.61 1.03 17.05 26.88 34.0 38.69 2.28 30.44 11.1 11.65 33.81
13.6 13.55 37.93 1.28 7.38 16.24 14.26 32.75 7.06 32.82 1.22 12.91 25.75
33.56 25.48 10.43 23.61 13.16 11.64 11.82 5.56 36.26 21.19 10.84 18.06
29.06 35.95 1.82 11.1 12.86 38.24 14.15 12.32 6.1
29.12 6.92 20.65 35.88 27.38 16.33 38.04 5.22
12.23 18.19 39.32 21.52 16.36 34.26 39.67 28.32 32.21 29.75
27.28 27.76 31.25 38.28 30.1 19.09 21.38 33.13 36.44
35.27 15.94 26.29 26.16 2.88 12.96 3.51 29.27 19.74 7.62 36.38 38.2
19.08 14.33 1.37 37.58 10.38 22.24 34.1 6.52 39.59
17.5 5.7 12.42 20.17 7.12 11.29 34.15 17.75
9.19 30.28 17.92 36.35 39.79 35.07 19.36 12.2 22.32 21.4
5.45 36.06 11.42 2.41 1.36 20.57 18.08 7.11 6.3
9.34 8.06 38.67 33.33 20.29 38.05 4.99 11.98 4.17 23.54 10.29
26.11 30.11 11.13 13.04 25.84 31.53 33.26 34.58 29.23 33.87 3.65 21.21
22.44 37.94 34.29 37.35 16.2 22.55 1.12 37.98
28.34 29.11 15.82 7.66 8.5 3.5 27.32 29.66 22.7 11.02 31.0
3.03 14.1 23.08 31.66 35.23 30.37 17.56 21.37 36.72
21.22 10.51 10.32 3.17 6.91 38.18 13.42 28.15 21.6 28.37
10.7 39.02 24.72 5.05 19.37 34.39 2.74 20.49
29.39 16.81 23.87 27.38 29.26 33.11 26.6 3.89
3.39 29.75 2.09 37.59 9.75 9.54 10.05 6.07 6.69
31.84 37.07 11.38 17.38 20.8 35.04 36.09 31.84 2.93 22.95
35.88 19.08 30.49 16.65 23.55 21.45 3.87 27.9 10.47
15.03 27.04 27.85 26.76 32.64 31.08 7.24 2.44
26.62 17.11 36.17 1.84 29.79 16.12 8.42 8.45 16.32 24.33 6.88 22.54 28.23
7.27 19.93 14.51 30.2 14.49 2.29 0.96 24.88 20.08 7.03 15.38 7.76
10.27 8.36 13.41 21.78 35.27 24.89 13.5 4.1 6.17 17.01 21.92
8.05 8.0 27.37 19.05 28.72 32.61 1.74 5.54 30.32 14.08 9.56 34.88 27.97
30.86 17.92 28.12 14.36 23.4 10.28 30.04 35.52 26.31 39.4 26.71
35.89 2.49 30.96 32.13 1.3 12.14 2.46 34.82 23.1
1.66 38.42 31.05 23.42 31.17 36.86 37.7 13.47
5.79 7.17 25.15 10.84 16.27 7.87 36.38 20.05 27.68 27.82 19.66 34.51
39.51 28.75 34.01 24.02 28.68 31.13 32.03 10.03 18.26 30.91
30.03 31.53 2.01 26.82 6.66 37.75 4.4 34.42 33.75 10.07
33.99 7.13 36.89 4.45 9.38 16.16 21.91 39.74
6.95 17.56 39.74 23.51 6.24 15.71 28.5 13.97 22.94 4.45 36.86 7.38 7.22
26.21 38.57 33.16 39.07 23.78 26.63 15.58 13.83 34.0
21.58 19.31 36.82 0.72 37.83 21.78 21.98 25.49 9.39
31.44 2.17 5.28 1.15 22.73 2.72 39.02 3.61 28.28 39.76 9.5 2.78 35.61
16.08 11.73 30.36 25.77 11.51 31.52 31.17 5.84
13.9 9.91 14.69 13.07 28.34 28.47 16.94 28.03 3.44 16.64 3.91 36.3 3.98
25.19 29.53 12.88 20.4 3.08 12.95 2.83 9.74 18.34 16.33
33.77 32.99 13.95 23.88 36.44 2.93 13.23 2.62
25.48 19.33 3.86 19.57 18.33 17.62 12.56 12.87 24.47 37.52 24.6 9.63 9.4
12.88 23.97 7.18 4.44 4.16 36.39 4.23 34.9 17.69 25.87
12.1 21.96 5.44 12.04 18.95 34.53 13.15 11.19
30.77 39.68 5.48 1.32 7.45 12.12 3.37 19.68 11.1
34.41 22.86 9.33 33.9 4.34 34.97 3.93 12.31 33.02 25.13 22.06 31.38 37.71
38.14 17.31 16.47 22.59 27.2 22.57 12.55 9.23 36.75
12.69 14.88 28.7 23.15 18.87 8.82 26.21 18.83 21.4
12.66 6.76 37.11 0.61 26.66 1.59 29.37 6.91 33.84 23.91 35.15
39.57 17.53 29.46 27.76 11.24 18.36 24.54 16.86 6.64
17.48 17.39 39.63 7.35 16.03 24.87 23.03 3.78
3.83 32.82 32.42 36.43 17.11 35.7 39.16 34.71 15.75 7.05
33.94 37.88 12.67 27.4 12.83 16.72 23.67 5.22 3.98 15.74 16.05 4.13 38.88
17.74 13.7 21.15 24.78 30.11 23.56 29.65 10.52 5.19 32.52
31.2 26.49 39.73 34.63 3.93 37.67 22.04 15.48 12.1 32.64 8.0
28.12 23.35 37.17 20.95 7.39 24.52 10.76 13.97 37.07
24.57 19.58 13.27 16.62 15.1 32.26 23.94 24.36 18.38 35.54 6.66
23.52 31.5 8.28 14.12 7.79 6.38 3.19 2.58 1.62 4.07 32.28 32.86
14.73 33.8 24.28 5.21 25.76 19.4 32.99 9.17
5.47 2.63 37.53 32.97 33.17 2.32 31.25 29.81 39.31 13.18 28.28
25.93 23.53 38.88 33.42 25.37 29.95 36.31 33.02 36.47 3.03 25.39 31.18
14.77 13.38 21.74 14.33 14.73 20.06 21.48 11.86 36.33
25.82 24.39 13.52 23.86 8.89 15.33 12.3 39.51 25.19 8.4 6.05 29.09
2.39 8.46 34.02 3.56 28.1 29.58 30.59 28.75 0.5 2.7 9.17 9.94 5.25
33.63 29.4 13.12 18.39 10.93 29.14 32.51 24.0 31.55
4.48 21.95 2.67 7.13 30.36 23.31 13.6 3.41 1.63 8.81 6.34 23.79 26.25
35.94 18.11 16.2 33.08 29.22 39.83 10.4 31.35 5.34 25.71
10.47 24.15 30.85 35.17 24.19 13.95 27.9 38.04
34.4 24.7 1.61 7.68 13.68 20.68 29.67 4.11 16.81 18.03 24.65 33.88
3.67 10.34 8.7 20.83 19.74 31.26 29.71 29.06 0.63 10.6 21.59 6.07
7.55 11.02 1.64 9.17 10.92 24.9 38.19 39.85 19.12 38.71 38.4
3.0 17.66 35.65 5.0 24.5 21.85 4.57 18.14 23.57 21.69 2.8 11.5
26.9 31.83 24.27 23.18 33.32 13.97 26.22 25.25 7.98 3.9 27.25 16.77 12.41
37.99 14.96 38.79 4.63 4.29 25.57 38.7 36.65 36.3 25.26 27.12 7.11
18.11 7.1 39.53 1.03 16.33 24.84 33.92 19.76 11.15 28.16 5.69
14.81 21.67 33.15 29.64 14.21 20.37 18.53 8.29
24.34 33.31 14.47 8.55 39.27 17.43 33.4 14.73 16.73
7.06 14.9 28.95 3.36 18.63 5.56 38.15 10.84
34.64 20.6 3.19 13.63 35.97 6.94 26.15 39.22 7.12 38.59
12.83 3.34 19.47 30.37 37.41 21.27 15.62 34.88 37.5 34.5
36.44 5.48 23.19 0.99 14.81 2.05 19.75 19.31
35.53 23.88 33.25 8.65 7.9 20.92 32.89 34.49
29.32 21.3 10.99 22.2 38.8 27.47 16.76 17.44 21.59 19.5 39.79 24.75
38.06 4.27 21.62 29.61 24.84 6.77 13.89 36.83
6.46 12.59 18.48 4.63 3.91 12.2 7.41 26.1 37.69 37.77
3.8 35.86 12.48 33.77 33.5 32.95 30.32 7.21
31.21 35.15 4.72 7.54 7.64 4.58 22.35 7.43 35.32
28.65 5.31 22.7 13.69 13.22 13.19 37.94 5.55 27.22 18.93
19.82 8.86 18.42 26.74 32.36 6.25 19.46 32.17 6.01 2.54
26.07 19.16 7.24 32.1 37.12 14.1 24.73 18.3 12.9 31.28 10.02 15.93 20.89
14.67 28.58 16.13 15.06 37.52 3.39 31.44 32.44 31.51 22.35 7.09
10.99 17.19 2.48 35.31 37.9 2.96 5.05 10.25 25.45
18.96 32.39 16.34 18.15 4.0 30.58 30.05 4.88 18.45 4.0 3.32 31.87 24.09
31.38 22.7 38.16 18.48 2.13 10.88 29.41 14.6 4.34
7.9 29.43 28.22 3.83 37.08 21.44 34.14 4.87 29.64
1.64 24.8 39.09 23.67 15.9 25.34 36.41 6.01 39.86 38.18 31.22 13.12 34.21
24.42 37.49 6.28 17.55 18.75 24.6 32.47 9.22 18.9
17.91 16.06 31.85 1.84 17.92 16.13 5.06 5.87 26.63 37.75 36.28 26.3
6.13 11.74 11.97 11.8 15.06 21.16 2.21 28.68 18.78 5.27 39.47
15.03 29.29 1.22 20.12 30.47 7.83 17.58 9.07
22.84 27.55 27.46 12.42 9.7 39.86 4.4 5.29 9.98
2.77 35.27 9.56 39.29 26.29 1.43 19.26 37.31 30.6 33.34 7.77
36.37 33.15 11.18 5.68 4.9 26.84 3.2 11.52 19.14 3.1 17.57 18.59 27.04
28.54 34.03 5.71 37.01 0.6 9.01 2.17 7.29
8.8 25.04 28.82 1.03 26.29 13.22 35.49 2.86 26.08 9.83 19.94
27.12 37.96 23.83 3.14 31.32 38.97 11.5 29.91
12.46 34.26 5.51 15.9 39.5 36.21 5.37 31.2 20.31 39.04 35.92 14.65 9.71
10.08 26.76 29.28 15.11 7.93 33.04 27.78 14.92 6.15
35.74 34.0 15.5 22.95 16.79 16.53 21.69 2.18 17.77 34.4
12.83 25.17 3.51 1.15 19.97 17.22 1.33 2.63 23.19 9.33 20.4 6.34 33.88
22.07 16.49 25.39 5.36 6.36 15.11 26.06 5.36 36.28 10.36
39.71 38.57 30.8 26.73 16.94 22.46 27.41 5.08 29.19 27.93 10.98 7.13 12.48
19.83 27.27 22.42 38.68 3.55 11.64 33.06 37.52 0.69 4.95 26.58 27.11 3.79
15.0 4.01 21.47 8.49 6.26 2.91 2.26 30.97 34.4 9.95 17.41
6.53 25.47 39.05 34.64 31.43 25.01 2.7 25.37 18.01 17.86 23.62 14.23
29.51 11.68 13.37 7.97 2.35 8.7 31.42 2.19
10.3 19.59 1.21 14.97 25.38 4.92 15.55 37.12 38.87 8.29
14.72 25.96 2.37 31.51 31.71 20.91 12.63 1.95 30.59 5.62 31.86 11.5
17.52 20.48 12.44 25.48 14.13 35.53 26.58 8.11 17.39
20.59 26.1 9.51 17.28 28.42 5.35 13.79 13.68 26.8 39.02 32.12 12.6
18.98 4.23 20.76 7.74 33.08 12.93 29.15 27.93 21.67 19.56 12.21 18.89
20.91 29.71 21.24 26.58 19.86 33.39 34.29 28.42
10.58 6.45 33.91 22.44 13.94 12.45 6.71 29.65 3.32 14.07
8.14 14.5 25.77 14.62 18.61 12.44 32.67 3.11
33.41 4.22 38.83 33.67 20.66 21.86 10.42 4.14 21.85 37.61
16.2 6.9 4.51 7.18 35.97 32.32 32.07 16.2 12.52
18.86 25.55 39.03 22.89 7.55 23.9 31.81 12.96 19.88 34.42 21.19 5.01 16.53
39.93 3.27 10.05 22.97 26.17 15.09 4.16 20.63 19.17 25.05 5.49 16.8 23.38
28.46 37.83 17.28 29.32 22.31 29.72 39.41 26.55 17.82 39.68
15.56 36.56 22.85 22.84 20.64 12.34 35.72 35.6
23.57 7.43 14.1 30.25 18.39 28.98 36.45 14.05 20.72 29.45 6.31 11.11 11.98
26.08 32.37 20.27 10.08 18.4 24.82 14.84 22.75 13.22 5.4 4.48 2.6
24.29 15.64 30.41 25.37 21.7 9.01 3.66 27.17 33.7
7.72 22.31 20.26 30.5 3.5 13.57 22.88 25.81 16.07
3.59 24.53 21.2 24.14 14.24 28.51 7.91 0.81 32.7 33.0 16.67 6.97 23.41
35.6 3.19 7.86 2.96 14.18 7.64 31.53 10.73
21.92 10.12 23.56 38.3 4.56 28.01 14.27 15.75 35.44 24.06
4.7 27.09 12.0 35.76 21.89 26.35 18.6 28.41 1.99 39.11
31.0 3.83 24.45 3.14 9.43 25.6 30.78 31.02
4.04 35.66 9.6 33.87 12.88 37.45 7.61 22.45 8.94
26.37 34.0 9.58 24.34 20.52 22.79 22.08 33.83 29.1 36.76 29.32 6.57 18.09
13.43 21.33 32.84 9.09 6.74 32.99 27.9 27.28 21.28 22.5 12.43
8.1 9.17 29.58 32.75 2.39 12.34 15.96 5.89 29.2 24.33 29.09 36.65
10.43 9.79 26.42 8.66 21.32 9.44 29.76 12.57 11.69 5.51 37.49 39.82
15.62 18.32 34.14 35.83 31.08 1.8 36.37 18.92 6.97 37.48 4.82 27.81
17.27 29.54 7.16 9.81 4.43 15.44 25.83 10.8
25.54 18.62 6.83 17.48 39.22 34.07 5.57 12.02 10.74 8.97 27.12 31.34 3.58
15.95 11.9 8.58 10.23 14.3 27.75 22.01 11.61 35.14 30.22 22.58 27.52
28.92 23.49 1.8 29.64 3.73 34.21 35.71 3.63
23.2 12.2 18.8 31.62 26.94 28.7 3.38 14.67 12.41 22.76 25.23 37.21
20.33 31.37 17.53 9.69 16.8 30.29 10.32 31.54 25.34 36.19 8.55 4.4
1.94 6.91 6.34 3.71 8.85 35.41 32.12 11.46 12.94 22.71 32.82
10.05 26.98 34.25 7.28 3.69 18.27 11.05 20.46 16.25 4.62
26.58 11.31 27.85 21.47 37.97 31.98 17.69 30.31 30.32
33.82 39.84 17.31 4.76 27.29 25.19 28.67 13.7 23.02 9.42
13.65 26.79 33.31 37.93 9.86 20.4 37.52 28.49 6.09 39.95 36.64 23.84 12.38
26.32 3.69 7.59 6.42 9.19 33.86 35.27 13.33 28.64 31.51
14.58 5.77 4.64 2.69 6.12 24.52 21.41 20.26 12.95 29.87
16.98 13.85 4.96 1.26 9.76 17.8 8.96 18.87 33.66 8.71
21.62 7.06 8.12 25.4 25.71 29.03 33.2 37.4 32.33 13.65 38.9 23.36 10.39
10.63 2.91 23.72 2.1 39.64 27.26 38.69 31.94
33.77 34.66 12.96 3.92 5.1 20.73 8.42 31.64 35.42 22.06 35.7 7.39 36.51
3.25 21.95 3.56 26.78 16.11 4.73 28.48 24.02 22.78 30.7 30.88 16.15
14.1 27.38 23.64 24.82 23.62 22.3 17.08 1.82 5.02
2.42 27.01 12.7 28.9 20.69 31.24 8.04 10.06
13.0 18.08 34.51 1.99 6.73 5.49 18.45 26.31 23.42 17.53 17.44 5.25 35.21
27.86 20.03 30.19 36.74 24.92 30.53 14.73 16.58 27.47
33.86 15.23 8.94 3.79 22.79 2.09 30.78 39.63 1.87 6.7 9.06 11.2
34.97 9.25 15.1 11.2 24.72 26.92 8.48 34.02 18.88 18.21 38.78 4.23
11.06 35.01 23.83 26.15 11.44 20.07 11.54 14.38
19.69 38.24 9.69 37.69 34.19 39.23 3.19 39.74 5.05 36.7
10.19 28.4 7.36 19.23 39.83 19.26 32.07 34.32 34.0 6.32 11.17
29.07 9.85 20.09 9.91 33.57 15.09 23.04 14.62 11.21 36.02 2.9 22.2
25.1 15.94 7.36 3.25 14.13 30.98 7.1 12.03
9.67 4.13 4.39 17.39 15.08 33.45 8.05 11.98 2.36
32.13 17.7 7.22 20.46 9.18 25.6 20.49 38.25
29.76 8.18 15.44 27.58 15.41 38.13 26.44 24.85 20.6 26.26
37.35 6.0 11.61 25.38 3.87 39.31 32.07 11.02 2.58 3.76 7.28
6.67 27.63 37.56 28.06 24.52 6.06 37.77 37.46 9.93 36.79 2.67
2.79 6.95 20.27 38.2 27.47 35.37 37.04 17.59 14.12 16.6 28.84 29.86 23.66
22.82 8.2 20.09 35.85 20.6 11.92 23.26 2.67 31.43 5.91 18.54 21.03 37.51
27.65 35.04 3.87 33.54 24.34 32.15 3.98 14.83 4.2 15.2 14.04 13.11 5.6
11.68 13.75 33.58 29.08 19.52 13.79 30.16 23.01 22.06 31.8 4.86
8.09 13.15 28.19 13.99 38.35 37.39 11.94 8.22 19.27 10.67 34.41 10.4 39.42
7.95 2.78 33.69 8.8 31.87 12.89 30.77 30.73 30.91 27.21 39.34
38.62 32.16 35.93 28.13 26.52 4.43 26.41 23.2
35.42 21.17 6.84 5.53 31.58 24.26 26.67 30.68 4.0 34.94
7.65 24.59 28.81 21.18 1.82 31.21 27.33 24.18 35.1 23.17 31.53 19.67 5.67
4.43 27.4 20.19 31.9 39.6 4.03 37.82 13.67 10.01 35.45 10.26
17.79 1.82 30.12 1.7 5.62 13.43 20.26 9.05 23.1 2.54 34.19 35.83 32.66
8.08 12.12 34.35 18.09 10.35 12.43 3.79 17.2
4.51 37.4 3.33 5.58 13.66 27.58 15.4 17.41 7.95 20.72 8.58 24.38 15.17
7.89 38.43 27.36 6.81 12.24 6.39 34.79 16.91 33.8 9.76
32.04 25.88 38.98 26.64 19.26 21.19 9.7 1.51 31.16 7.62 33.22
30.64 32.82 30.1 19.51 12.29 32.09 5.73 23.46 29.65 21.84 5.12 7.14 3.9
17.09 29.34 22.62 22.57 4.38 38.88 27.53 23.75 34.49 11.52 4.95
24.71 26.91 17.53 3.61 27.77 32.35 30.86 24.01 9.31 33.92
5.82 31.36 8.62 17.04 4.63 4.18 14.28 4.67 19.75
4.93 36.92 9.4 1.21 11.17 29.91 9.74 24.9 18.09 31.48 22.4 20.64
28.61 23.24 37.22 37.79 32.21 17.92 27.58 29.64 8.42
3.99 11.57 23.13 25.84 7.45 31.16 5.47 25.99
14.03 34.5 25.58 19.22 19.42 21.74 36.97 13.47 36.62
18.07 19.21 23.02 17.48 10.96 25.31 13.88 31.81 14.47
24.51 16.01 8.09 15.09 32.83 37.65 21.11 37.81 34.11
2.68 34.08 23.26 6.43 33.81 32.13 23.33 37.58 18.68 6.48 35.35 3.11 36.72
17.38 1.74 15.15 38.56 22.4 36.68 14.38 22.85 15.93 13.74 30.65 32.76
33.45 11.03 38.65 16.81 2.28 2.67 19.81 21.22 16.33 4.4 18.71
27.59 17.1 15.77 18.44 30.58 23.77 32.78 26.92 34.08 33.35 27.72
34.55 12.88 39.9 36.22 37.13 17.64 5.81 29.72
20.32 27.57 26.19 31.16 16.6 9.62 34.52 15.77 17.67 39.88 2.56
21.25 38.93 18.26 25.94 15.31 36.36 6.47 36.96 27.22 30.58 4.94 10.8 22.68
25.42 35.9 9.94 37.67 26.38 17.38 14.93 7.61 27.67 15.86 37.87
11.38 30.09 24.88 34.73 31.57 17.94 19.31 29.23 23.62 11.25
19.92 13.05 25.22 32.18 8.68 6.94 11.71 35.87 32.71 9.29 5.65
30.91 25.98 13.78 26.15 6.32 4.7 36.59 33.03 27.5 4.27 18.5 19.85
16.76 32.04 6.29 28.85 34.91 5.79 27.76 5.19 18.53 6.66
36.65 26.63 23.71 32.06 29.15 21.67 11.4 13.85 19.15 26.82 30.08 7.93
12.38 27.53 33.74 19.49 24.77 20.99 35.18 11.72 30.63 25.59 35.57 16.93
37.53 30.15 6.35 12.06 36.35 2.4 37.94 18.6 1.14 21.06 30.2 22.85 31.58
8.32 3.74 28.28 22.54 1.58 19.63 32.33 24.6 4.95 17.8 13.49 33.76 5.73
36.95 35.64 34.98 17.17 29.4 23.62 12.24 2.44 37.31 8.14
17.38 13.32 34.62 34.39 24.31 26.32 14.69 28.14 34.21 7.44
33.05 20.84 28.59 17.78 31.02 15.45 27.81 2.76 7.03
7.17 15.89 6.52 33.92 21.04 30.88 27.17 28.38
19.29 23.62 6.14 13.26 38.4 1.32 1.71 6.78
3.27 9.93 4.36 10.08 14.87 37.43 6.58 18.4
35.26 34.08 20.98 20.95 0.79 27.7 28.07 26.16 36.71
10.12 19.3 8.9 4.14 12.07 26.72 21.68 7.57 36.43
39.56 7.9 12.64 11.53 25.34 31.11 11.94 12.06
27.43 25.64 24.94 15.59 19.59 2.63 22.73 24.32 12.09
3.96 28.32 7.3 13.23 5.78 31.56 39.58 15.88 1.63
35.81 35.67 14.27 33.27 27.18 8.73 39.64 24.84 9.76 32.41 4.97 10.79 35.54
19.83 34.47 34.4 6.61 37.08 25.84 33.99 22.24 18.69 14.85 33.53 31.59 28.62
27.79 10.88 24.71 10.04 3.5 12.25 13.54 8.19 37.18 39.7 22.81 11.94 38.59
39.57 6.85 8.23 2.06 7.66 4.56 0.54 7.0 1.68 14.14 25.7 24.28
7.52 2.29 27.0 30.93 24.74 20.11 30.08 21.12 16.15 20.04 13.3 9.77 29.22
32.21 30.01 10.56 23.6 33.85 15.26 36.83 4.42 22.23 6.17 16.97 7.43
11.82 29.3 21.77 23.47 22.75 24.71 13.13 19.62 31.72 34.48 27.76
11.03 23.46 8.48 30.18 7.88 12.34 31.01 35.64
36.98 35.29 1.82 34.06 22.43 21.9 8.4 32.92 34.75 34.75 33.65
29.24 22.93 19.01 16.26 25.65 20.9 7.7 4.68 5.61 17.19 6.97 20.8 32.77
32.49 26.95 35.23 30.35 5.88 31.64 34.81 25.32 29.69 16.78 28.4
9.58 1.42 19.41 2.31 35.16 21.06 36.11 32.28
11.63 30.55 20.99 11.07 11.58 19.14 32.26 15.29 38.34 32.72 25.49 12.45
2.56 34.43 14.49 37.33 20.46 38.02 8.05 35.51 36.85 13.44 36.71 32.58 7.35
16.78 6.81 13.92 38.0 9.39 9.9 22.32 15.19 35.49 8.62 20.59 25.83 27.22
3.59 13.81 13.78 6.3 17.68 10.41 35.0 1.58 2.76 27.95
9.58 9.81 4.44 32.33 2.95 21.99 2.01 8.79 32.13 24.72 13.62
6.11 9.78 39.54 33.92 29.61 31.81 1.33 1.54 35.06 33.67 22.68 28.48
12.22 37.52 34.53 11.0 25.45 27.96 17.85 2.64 33.75
7.33 27.78 31.78 35.58 27.09 20.99 30.91 17.36
18.82 36.77 18.38 2.35 5.22 22.43 15.54 17.6 34.04 34.19 2.59 14.66 4.99
38.14 32.72 24.19 9.55 32.41 15.86 4.52 26.01 26.4 8.84
2.7 6.77 12.05 14.23 2.56 34.64 15.53 13.97 37.21
29.98 26.15 20.37 4.97 35.22 29.29 4.47 19.15 7.56 25.59
20.49 16.38 12.77 22.67 38.07 12.11 17.34 29.12 33.59 19.67 36.34
16.54 16.94 28.82 5.0 0.86 39.61 3.56 25.04 18.78 37.19 26.5 19.0
31.79 4.78 11.28 15.9 2.45 9.32 7.32 10.79 26.53 26.12 9.49
31.58 35.41 30.43 10.81 18.36 29.83 6.02 15.36 32.24
36.8 26.34 35.26 22.29 19.47 36.45 3.6 29.1 27.8
8.25 29.93 19.27 5.23 2.47 4.88 7.29 8.74
5.94 29.16 22.18 27.93 32.08 28.27 19.31 2.43 27.77 26.18
38.54 17.29 31.82 20.48 14.97 12.33 24.1 13.49
24.41 28.51 12.8 28.62 6.4 25.78 13.88 23.0 14.94 15.58 17.45 14.54 37.52
35.42 35.91 39.72 5.82 13.77 7.47 17.63 39.88 11.57
26.5 11.14 17.37 29.59 9.43 11.58 34.95 27.91
35.42 31.08 7.96 2.15 30.75 2.79 8.93 16.69 3.2 33.59 9.1 15.55 12.22
23.37 16.48 6.42 31.1 33.12 32.72 21.84 1.63 24.78 35.87
32.05 23.37 26.3 16.68 1.99 17.44 31.22 32.66 19.96 12.21 21.88
4.43 19.39 20.82 27.31 16.47 12.14 2.24 32.91 27.6 38.85 24.01
29.58 22.19 35.34 22.19 6.95 17.43 39.31 23.11 30.16
33.47 38.33 34.44 24.1 8.5 21.05 10.48 35.16 15.95 28.07 36.71 35.74 39.43
24.08 26.73 21.21 19.89 24.67 7.47 39.39 39.59 17.73 18.73 14.84
6.12 6.84 22.97 0.65 21.73 33.51 5.15 34.6 7.52
32.41 1.79 19.47 31.19 34.39 2.21 36.74 21.88 10.6 25.11 37.68 36.52
17.92 3.94 22.23 28.64 22.38 10.34 6.7 32.18
13.86 21.89 1.27 9.6 6.62 3.95 13.98 23.37 2.31 14.49 28.84
38.22 21.24 21.86 33.52 23.84 37.23 20.76 10.48 16.35 34.95 20.31 7.12
39.29 11.87 14.29 19.82 16.08 0.63 16.05 13.09 15.67 36.09 5.51
22.56 35.44 36.01 16.55 34.63 24.24 38.43 3.78 10.15 32.1 3.42
14.41 31.1 14.96 21.73 29.23 19.37 2.59 0.63 18.86 18.42 35.34 25.26
33.62 28.31 38.3 34.33 9.66 28.63 37.44 14.41 22.57 17.59 31.03
39.03 22.59 35.81 16.41 29.76 36.6 19.71 10.7 8.6 13.77
33.46 17.89 4.82 11.37 1.04 15.26 17.22 32.05 8.62
33.32 29.92 38.89 2.03 11.0 38.24 32.6 31.87 31.23 33.66 39.27 35.69
1.92 1.88 3.0 29.2 2.0 24.39 37.42 37.98 33.61 12.28 20.78 17.78 15.08
37.02 15.62 35.4 25.54 34.33 27.08 34.14 15.2 31.12 35.74 6.28 9.54
25.37 9.39 38.94 27.45 3.3 18.81 8.75 28.39 5.61 4.07 34.07 24.7
28.29 26.1 23.3 38.67 20.82 21.61 3.12 10.79
9.89 30.81 21.3 23.67 26.03 19.85 5.9 23.27 4.7 18.4 7.17
12.49 32.01 14.54 7.59 14.53 20.68 36.23 26.9 24.53 35.87 4.73 7.96 4.81
10.59 16.45 14.65 25.15 32.43 32.13 31.77 4.62 30.97 29.48
3.49 11.18 39.7 13.18 3.14 14.17 34.72 35.02 29.58 27.84 16.94 11.15
39.55 16.19 8.04 26.1 11.85 35.46 22.5 39.87 21.77
6.2 15.72 1.31 20.01 6.78 15.28 19.18 38.61 18.07 24.99 39.65 18.33 27.4
12.69 26.72 38.53 32.58 17.92 3.92 21.83 39.32 11.01 33.83
22.44 34.78 14.74 26.88 11.6 15.54 36.08 5.51 23.26 8.93 10.32
10.46 29.52 31.05 34.59 7.94 27.58 3.61 29.88 11.07
17.32 17.15 5.06 24.8 13.97 11.13 6.44 7.6 15.64 39.85 39.9 12.53
15.6 17.83 27.8 4.18 17.96 1.17 25.78 31.62 34.35 38.98
22.85 39.96 27.17 17.29 7.18 22.69 17.79 18.9 0.61 36.98 37.67 36.78
27.61 13.17 17.71 17.84 3.27 30.56 16.61 16.18 5.68 20.59 1.05 4.07 25.01
22.43 27.11 13.82 38.82 37.82 21.29 31.16 37.81 17.6 15.27
38.83 13.02 1.83 25.22 24.52 35.96 28.14 33.82 29.98 31.42 31.5 29.57
35.93 35.82 1.1 15.41 21.29 6.34 36.24 6.8 35.66 15.2 34.29 12.7 37.66
38.01 34.62 8.38 12.24 27.46 19.51 19.44 32.07
6.62 25.18 9.97 28.22 3.27 31.61 25.42 13.27
4.71 15.25 6.06 15.89 8.65 17.36 15.16 17.98 17.08 17.0
14.56 35.27 35.71 22.14 34.85 27.04 23.73 27.87 19.06 33.65 8.28 32.97
11.3 12.67 14.94 18.45 37.59 32.38 15.7 20.43 26.3 3.25
17.27 19.95 29.72 20.0 30.02 18.0 29.74 30.79
26.24 18.18 8.64 10.31 34.86 22.08 4.76 31.9 15.56
15.0 7.79 9.66 29.56 30.07 0.66 24.61 22.61 15.82 20.74
6.58 28.15 34.64 27.18 1.08 16.63 9.43 9.5 19.83 8.68 23.57 2.71 33.32
11.22 3.67 34.47 39.47 28.96 4.46 30.2 7.36
36.85 16.52 22.34 19.41 36.78 17.02 6.02 30.29 5.75 15.84 7.41 37.72 23.47
2.69 23.19 33.93 29.34 9.35 13.69 38.05 13.07 10.78 13.35 36.4 26.79
24.83 33.43 21.2 25.17 5.4 31.34 15.96 8.55 22.9 24.69
9.15 29.97 8.77 26.93 13.59 35.46 17.98 24.18
28.53 15.88 33.96 32.2 16.06 29.12 37.29 17.21 5.83 34.19 4.27 32.36 2.1
36.18 10.72 5.24 6.79 39.82 31.74 1.03 12.0 11.44 17.05 29.38
13.21 11.09 24.5 12.81 14.79 5.63 19.66 23.3 8.38 16.97 34.26
30.45 10.56 36.09 1.51 7.6 5.23 14.17 35.28
14.49 12.79 2.18 37.46 11.54 37.73 19.87 34.28 5.47 32.99 15.74 34.93 14.94
12.81 23.9 39.1 0.51 4.67 6.61 34.83 24.0 20.81
27.42 14.54 3.72 4.93 5.01 25.06 16.06 29.2 36.11
36.07 2.37 5.94 0.73 22.89 11.69 8.76 6.76 25.16 27.23
2.33 37.01 28.82 32.34 12.25 35.74 29.9 20.9 15.77
16.13 9.37 11.27 13.17 35.65 5.83 23.26 27.16 25.07
7.42 35.74 36.79 22.87 36.62 23.46 31.81 31.36 31.8
22.07 21.99 30.66 7.28 38.11 21.05 13.49 37.34
33.35 19.31 35.18 15.23 22.5 35.82 26.07 19.87 38.47 32.98 35.5 16.67 33.83
3.28 16.09 26.31 11.26 33.08 1.36 22.09 13.78 34.68 4.48 31.42 39.88
5.24 12.94 39.33 17.17 23.15 2.74 25.56 23.65 20.19 18.82
15.44 14.21 30.95 28.03 14.66 10.0 11.22 1.13 6.15 19.03 27.13 19.54 14.45
33.89 29.28 12.95 5.03 27.96 5.43 3.49 37.97 33.71 3.67 1.91 10.18 14.63
34.38 20.26 27.13 23.9 9.3 30.53 13.47 29.15 18.4 21.61 21.13
15.13 21.67 9.52 1.38 20.88 26.65 13.65 30.76 12.03
22.7 29.98 21.58 14.02 7.77 6.81 28.57 11.09 23.63 39.8 5.64 19.05
23.87 38.78 37.54 38.87 19.4 9.53 14.82 7.27
9.56 11.76 16.35 22.67 27.09 25.0 17.65 24.14 29.88 6.64
26.84 39.72 5.94 3.34 18.89 25.37 4.67 15.96 37.86 9.98 26.53
29.14 24.34 14.28 12.75 22.56 1.79 28.66 8.67 33.38 4.19
13.02 24.17 27.63 16.62 13.94 35.57 38.18 38.36
15.12 14.0 13.9 29.77 10.84 21.11 36.54 8.16 34.61 20.53 22.6 28.99 6.82
6.15 38.36 36.53 32.93 33.54 32.75 18.39 39.22 27.45 37.9 2.24 34.16
18.24 39.35 11.76 37.94 31.89 26.33 4.82 21.36 27.13 39.58 9.35 5.28 25.79
24.22 18.7 5.55 4.8 0.79 2.43 20.21 8.31 32.87 18.04
11.58 12.42 14.37 20.06 27.04 10.25 7.05 36.75 9.75 2.32
5.0 39.83 32.72 11.66 9.12 26.94 24.03 27.29 17.04 16.17 13.52 30.11
10.4 25.32 22.53 14.29 4.17 5.8 33.72 20.88 32.5 23.01
31.58 7.14 38.4 19.16 16.61 9.62 38.41 7.67 17.81 9.46 10.06
19.08 20.54 24.82 28.78 33.24 3.94 35.66 10.08 14.5 14.95 19.13
19.6 20.51 10.23 24.48 23.18 21.08 24.95 30.9 35.82 5.93 3.23 9.92
15.18 33.66 10.18 19.26 4.45 17.55 31.13 17.38 33.81 7.53 37.26
28.23 35.54 29.21 22.21 7.05 37.15 23.42 28.69 7.88
15.61 1.91 35.63 34.6 29.12 24.99 37.27 26.13 21.54 36.9 2.81 6.74
28.15 39.74 5.88 16.67 6.61 24.56 37.96 12.58 8.05 8.65 7.88 2.94 6.77
22.03 31.81 15.98 18.67 35.58 35.56 31.9 30.65
15.29 34.3 11.86 18.13 36.51 25.66 6.74 39.87 39.34 28.07 26.69
5.73 22.68 15.93 5.6 36.55 39.65 9.51 11.82 9.72 21.34 7.38 37.06
28.51 5.16 3.99 8.69 4.26 34.34 16.85 4.71 31.65
4.69 3.51 25.03 11.11 23.93 33.42 8.12 24.67 38.44 9.44
32.82 15.12 21.24 15.05 36.74 28.72 32.32 26.86 8.06
11.89 31.46 25.04 30.51 18.9 9.07 18.03 30.28
33.05 38.4 12.15 24.62 13.11 2.62 15.31 22.84 7.84 7.52 31.01 14.83
14.29 30.66 38.13 14.16 35.45 22.51 21.75 36.86 7.73 17.69 6.04 25.55
35.3 7.21 8.13 33.44 39.64 15.97 29.14 35.53 6.92 20.47 20.53 10.08 19.8
37.86 25.17 23.31 1.35 24.92 33.12 25.33 28.63 30.99
27.52 14.56 9.6 3.6 27.61 12.91 28.38 20.19 15.47 9.32 38.08 11.76 27.99
1.54 35.0 19.39 5.59 17.44 36.07 22.16 5.75 29.5 11.47 17.48
3.51 2.75 7.84 8.68 36.98 7.01 8.64 14.51 38.46 27.94
3.58 28.91 29.03 3.83 11.05 25.81 14.58 25.06
39.17 32.11 9.31 19.71 11.01 27.02 10.69 34.06 34.21 4.58 35.61 2.86
29.77 2.75 32.04 1.14 6.21 27.61 7.81 24.13 3.78 18.33
23.43 3.48 22.27 16.08 14.41 12.73 26.56 15.71 15.96
22.36 11.21 8.09 39.32 17.21 14.25 25.55 12.41 13.38 25.9
12.03 29.65 8.23 30.03 21.79 2.88 34.31 3.56 38.16 1.46 17.57 12.13 34.83
36.37 15.01 12.9 2.71 8.68 23.81 26.95 34.49
26.39 36.44 30.02 17.46 24.35 35.31 18.88 36.54
29.73 11.86 30.2 21.53 7.41 35.28 22.05 17.36 12.51 19.28 14.75 29.49
7.31 23.5 2.73 32.04 22.27 7.82 3.47 13.03 6.16 12.11 27.47 12.78 15.94
9.19 18.61 37.26 16.41 3.67 4.47 13.43 8.14 36.65 34.91 29.82
38.76 2.55 33.23 6.03 7.0 39.98 33.6 27.65 37.22
27.87 16.92 2.36 13.98 7.92 17.41 19.79 9.74 39.97 37.65
31.8 25.47 37.22 29.61 22.52 8.6 23.59 7.37
6.96 10.14 24.11 18.43 16.84 1.13 23.0 36.85 19.8 39.42 36.2
25.8 33.84 33.31 0.9 11.71 33.51 31.64 10.71 14.81 18.83
11.91 9.65 3.74 1.4 16.62 23.53 2.56 1.75
4.33 33.28 30.82 14.22 4.91 29.88 24.31 36.07 15.46 31.01 38.31 8.16 22.91
13.55 14.79 12.52 2.69 27.57 1.23 3.31 6.16 20.02 32.75 18.57
30.72 16.31 8.78 31.1 6.98 22.99 38.22 5.49
13.8 4.06 21.49 28.59 11.52 5.28 34.89 15.94 28.53 31.57 3.72 10.49 27.61
22.13 11.84 28.88 31.51 22.17 39.5 16.81 15.51 23.26 21.76
14.08 18.82 19.21 17.93 39.96 10.02 29.06 29.09 8.23 32.15 4.89
5.53 14.16 11.99 36.62 16.47 10.24 1.12 35.24 27.26 26.24
29.15 3.04 16.31 25.29 2.91 1.58 6.94 23.31 30.83
21.46 5.77 35.76 5.74 7.91 27.89 34.02 18.86 5.95
23.45 3.04 11.53 27.46 16.69 25.67 38.02 33.66 13.92 29.0 20.48 14.43 15.35
6.6 13.69 12.28 39.05 30.97 31.0 24.05 3.02 24.47 27.36 28.1 1.62 35.59
17.5 18.87 37.52 0.74 35.15 1.9 21.54 19.9 28.65 17.1 20.99 16.03
1.59 34.14 14.28 39.18 39.83 14.88 3.08 33.37 5.5
12.46 4.1 28.93 21.11 11.63 27.34 3.64 8.52 2.32 29.3 4.72
36.65 32.16 32.06 25.44 14.8 32.67 10.71 39.58 30.91 32.4 1.62
33.61 33.29 1.01 21.0 6.06 36.52 1.6 18.7 11.17 13.54 10.37
25.22 17.33 9.08 17.97 26.74 4.54 25.95 36.47 29.79 17.9 38.59 37.01 16.87
20.88 32.72 15.75 33.72 17.57 11.74 27.54 1.88
24.97 12.39 16.73 10.65 18.05 31.44 32.74 22.3 4.61 15.74 28.97
20.23 8.8 9.02 21.27 14.46 21.7 7.55 36.54 20.81
38.03 30.53 19.52 19.25 37.55 3.22 23.24 29.06 12.45 32.52
5.19 3.76 18.8 8.27 30.12 12.69 35.09 13.55 8.2 13.26 15.54 39.33
29.62 27.81 31.43 32.52 29.93 16.85 39.6 38.14 31.85 22.96 9.75 36.85 27.72
9.12 34.11 25.04 1.3 21.84 5.85 8.94 6.9 25.93
18.47 5.26 16.53 23.2 36.1 14.57 28.17 36.94
37.38 35.4 24.68 11.7 5.02 9.93 18.64 3.84 27.9 26.86 19.07 2.67